483, 348, 1157141104328;
482, 348, 1157141104343;
481, 347, 1157141104359;
479, 346, 1157141104359;
478, 346, 1157141104375;
476, 346, 1157141104390;
474, 346, 1157141104406;
472, 346, 1157141104422;
470, 346, 1157141104422;
469, 346, 1157141104437;
467, 347, 1157141104453;
465, 350, 1157141104468;
463, 354, 1157141104468;
461, 359, 1157141104484;
461, 364, 1157141104500;
460, 369, 1157141104515;
460, 375, 1157141104515;
460, 379, 1157141104531;
460, 384, 1157141104547;
461, 389, 1157141104562;
463, 391, 1157141104578;
465, 392, 1157141104578;
468, 393, 1157141104593;
471, 393, 1157141104609;
475, 393, 1157141104625;
478, 391, 1157141104640;
481, 389, 1157141104640;
484, 384, 1157141104656;
485, 379, 1157141104672;
487, 372, 1157141104687;
489, 367, 1157141104687;
490, 362, 1157141104703;
490, 359, 1157141104718;
490, 356, 1157141104734;
490, 355, 1157141104750;
490, 354, 1157141104750;
490, 355, 1157141104859;
490, 357, 1157141104890;
490, 361, 1157141104906;
490, 368, 1157141104922;
490, 377, 1157141104922;
491, 388, 1157141104937;
492, 401, 1157141104953;
493, 415, 1157141104968;
493, 429, 1157141104968;
493, 441, 1157141104984;
493, 454, 1157141105000;
493, 465, 1157141105015;
490, 477, 1157141105031;
488, 485, 1157141105031;
485, 491, 1157141105047;
481, 496, 1157141105062;
476, 498, 1157141105078;
470, 499, 1157141105078;
463, 499, 1157141105093;
459, 496, 1157141105109;
456, 489, 1157141105125;
453, 479, 1157141105140;
453, 470, 1157141105140;
456, 463, 1157141105156;
461, 454, 1157141105172;
468, 446, 1157141105187;
475, 440, 1157141105187;
479, 436, 1157141105203;
484, 434, 1157141105218;
489, 432, 1157141105234;
495, 429, 1157141105250;
505, 427, 1157141105250;
514, 426, 1157141105265;
520, 425, 1157141105281;
523, 425, 1157141105297;
526, 425, 1157141105312;
527, 425, 1157141105312;
528, 425, 1157141105328;
528, 425, 1157141105343;
