528, 330, 1157141176765;
528, 332, 1157141176797;
528, 333, 1157141176812;
527, 334, 1157141176859;
525, 334, 1157141176875;
520, 335, 1157141176890;
513, 336, 1157141176890;
507, 337, 1157141176906;
503, 339, 1157141176922;
500, 340, 1157141176937;
498, 340, 1157141176953;
498, 343, 1157141176968;
496, 347, 1157141176968;
495, 352, 1157141176984;
493, 359, 1157141177000;
493, 368, 1157141177015;
493, 374, 1157141177031;
494, 380, 1157141177047;
498, 384, 1157141177062;
500, 385, 1157141177078;
502, 385, 1157141177078;
503, 385, 1157141177093;
504, 383, 1157141177109;
506, 381, 1157141177125;
509, 374, 1157141177140;
514, 364, 1157141177156;
521, 351, 1157141177172;
525, 344, 1157141177172;
527, 341, 1157141177187;
528, 339, 1157141177203;
529, 340, 1157141177250;
529, 341, 1157141177265;
529, 343, 1157141177265;
530, 346, 1157141177281;
532, 351, 1157141177297;
532, 360, 1157141177312;
533, 371, 1157141177328;
533, 387, 1157141177343;
533, 412, 1157141177359;
529, 437, 1157141177359;
525, 458, 1157141177375;
523, 469, 1157141177390;
521, 474, 1157141177406;
520, 475, 1157141177422;
517, 475, 1157141177437;
512, 471, 1157141177453;
509, 466, 1157141177453;
508, 455, 1157141177468;
508, 437, 1157141177484;
516, 417, 1157141177500;
528, 396, 1157141177515;
536, 386, 1157141177531;
542, 380, 1157141177547;
547, 376, 1157141177547;
549, 374, 1157141177562;
551, 374, 1157141177578;
551, 372, 1157141177656;
551, 372, 1157141177656;
