514, 281, 1157141185484;
507, 280, 1157141185578;
504, 279, 1157141185578;
501, 279, 1157141185593;
498, 278, 1157141185609;
495, 278, 1157141185625;
493, 279, 1157141185640;
488, 283, 1157141185656;
484, 288, 1157141185656;
480, 298, 1157141185672;
476, 309, 1157141185687;
475, 321, 1157141185703;
475, 332, 1157141185718;
475, 341, 1157141185734;
479, 347, 1157141185750;
485, 351, 1157141185765;
490, 351, 1157141185765;
494, 351, 1157141185781;
500, 346, 1157141185797;
506, 340, 1157141185812;
514, 329, 1157141185828;
522, 316, 1157141185843;
533, 300, 1157141185859;
538, 291, 1157141185859;
539, 288, 1157141185875;
539, 287, 1157141185890;
539, 286, 1157141185906;
536, 288, 1157141185953;
533, 291, 1157141185953;
528, 297, 1157141185968;
524, 306, 1157141185984;
520, 315, 1157141186000;
518, 328, 1157141186015;
518, 341, 1157141186031;
518, 355, 1157141186047;
519, 376, 1157141186047;
522, 396, 1157141186062;
523, 416, 1157141186078;
523, 433, 1157141186093;
523, 443, 1157141186109;
518, 454, 1157141186125;
513, 462, 1157141186140;
507, 466, 1157141186156;
501, 467, 1157141186156;
495, 465, 1157141186172;
490, 458, 1157141186187;
486, 450, 1157141186203;
486, 437, 1157141186218;
489, 418, 1157141186234;
498, 397, 1157141186234;
508, 377, 1157141186250;
522, 362, 1157141186265;
534, 352, 1157141186281;
544, 347, 1157141186297;
550, 344, 1157141186312;
553, 343, 1157141186328;
554, 343, 1157141186343;
551, 343, 1157141186406;
551, 343, 1157141186406;
