539, 330, 1157141194265;
537, 328, 1157141194343;
532, 326, 1157141194359;
526, 322, 1157141194375;
519, 317, 1157141194375;
509, 314, 1157141194390;
497, 313, 1157141194406;
488, 313, 1157141194422;
483, 314, 1157141194437;
479, 317, 1157141194453;
477, 322, 1157141194453;
474, 329, 1157141194468;
473, 337, 1157141194484;
472, 346, 1157141194500;
472, 354, 1157141194515;
472, 362, 1157141194531;
473, 367, 1157141194547;
477, 370, 1157141194562;
480, 370, 1157141194562;
484, 370, 1157141194578;
487, 368, 1157141194593;
494, 362, 1157141194609;
499, 354, 1157141194625;
503, 347, 1157141194640;
506, 342, 1157141194656;
506, 340, 1157141194656;
507, 339, 1157141194672;
507, 338, 1157141194687;
507, 340, 1157141194750;
508, 345, 1157141194765;
509, 350, 1157141194781;
510, 358, 1157141194797;
511, 369, 1157141194812;
511, 381, 1157141194828;
511, 393, 1157141194843;
511, 406, 1157141194843;
510, 413, 1157141194859;
508, 416, 1157141194875;
507, 418, 1157141194890;
504, 419, 1157141194906;
501, 419, 1157141194922;
498, 416, 1157141194937;
496, 409, 1157141194937;
496, 401, 1157141194953;
498, 390, 1157141194968;
503, 379, 1157141194984;
508, 372, 1157141195000;
512, 368, 1157141195015;
516, 365, 1157141195031;
519, 365, 1157141195031;
521, 365, 1157141195047;
523, 363, 1157141195062;
526, 362, 1157141195078;
527, 362, 1157141195093;
528, 362, 1157141195109;
528, 361, 1157141195125;
528, 361, 1157141195125;
