499, 322, 1157141199797;
499, 320, 1157141199875;
498, 318, 1157141199890;
496, 316, 1157141199906;
493, 314, 1157141199906;
491, 313, 1157141199922;
489, 312, 1157141199937;
486, 312, 1157141199953;
482, 313, 1157141199968;
478, 317, 1157141199984;
473, 323, 1157141200000;
468, 332, 1157141200000;
463, 343, 1157141200015;
460, 353, 1157141200031;
460, 363, 1157141200047;
460, 372, 1157141200062;
463, 379, 1157141200078;
466, 384, 1157141200093;
471, 386, 1157141200093;
476, 386, 1157141200109;
481, 384, 1157141200125;
484, 380, 1157141200140;
487, 374, 1157141200156;
490, 368, 1157141200172;
492, 360, 1157141200187;
494, 354, 1157141200187;
494, 351, 1157141200203;
494, 347, 1157141200218;
494, 344, 1157141200234;
494, 343, 1157141200265;
494, 344, 1157141200312;
494, 346, 1157141200328;
494, 348, 1157141200343;
494, 353, 1157141200359;
494, 362, 1157141200375;
494, 375, 1157141200375;
494, 396, 1157141200390;
494, 417, 1157141200406;
494, 442, 1157141200422;
494, 461, 1157141200437;
492, 476, 1157141200453;
490, 488, 1157141200468;
487, 496, 1157141200468;
485, 500, 1157141200484;
481, 504, 1157141200500;
474, 504, 1157141200515;
467, 504, 1157141200531;
460, 500, 1157141200547;
457, 496, 1157141200562;
456, 488, 1157141200578;
456, 474, 1157141200578;
461, 460, 1157141200593;
474, 437, 1157141200609;
486, 418, 1157141200625;
495, 406, 1157141200640;
503, 395, 1157141200656;
509, 387, 1157141200656;
515, 383, 1157141200672;
519, 382, 1157141200687;
520, 382, 1157141200718;
518, 381, 1157141200781;
518, 380, 1157141200797;
518, 380, 1157141200797;
