539, 276, 1157141205750;
538, 275, 1157141205781;
536, 274, 1157141205797;
534, 272, 1157141205812;
532, 271, 1157141205828;
527, 269, 1157141205843;
524, 268, 1157141205859;
521, 267, 1157141205875;
519, 267, 1157141205875;
515, 268, 1157141205890;
509, 273, 1157141205906;
501, 281, 1157141205922;
495, 289, 1157141205937;
492, 298, 1157141205953;
490, 305, 1157141205968;
490, 312, 1157141205968;
492, 319, 1157141205984;
498, 325, 1157141206000;
506, 330, 1157141206015;
513, 332, 1157141206031;
519, 333, 1157141206047;
523, 333, 1157141206062;
527, 329, 1157141206062;
532, 322, 1157141206078;
537, 314, 1157141206093;
540, 306, 1157141206109;
542, 300, 1157141206125;
543, 294, 1157141206140;
543, 290, 1157141206156;
543, 288, 1157141206172;
543, 287, 1157141206172;
543, 286, 1157141206187;
542, 286, 1157141206203;
542, 288, 1157141206265;
541, 292, 1157141206281;
540, 302, 1157141206297;
539, 315, 1157141206312;
536, 336, 1157141206328;
534, 364, 1157141206343;
531, 389, 1157141206343;
527, 410, 1157141206359;
525, 428, 1157141206375;
522, 440, 1157141206390;
519, 449, 1157141206406;
515, 454, 1157141206422;
511, 455, 1157141206437;
505, 455, 1157141206453;
501, 451, 1157141206453;
496, 443, 1157141206468;
494, 430, 1157141206484;
496, 411, 1157141206500;
506, 383, 1157141206515;
519, 355, 1157141206531;
530, 334, 1157141206547;
536, 323, 1157141206547;
541, 317, 1157141206562;
545, 314, 1157141206578;
549, 313, 1157141206593;
552, 313, 1157141206609;
555, 313, 1157141206625;
558, 313, 1157141206640;
560, 313, 1157141206640;
561, 313, 1157141206656;
561, 313, 1157141206687;
