518, 357, 1157141214125;
514, 357, 1157141214203;
511, 357, 1157141214218;
507, 357, 1157141214234;
502, 359, 1157141214250;
499, 361, 1157141214265;
496, 362, 1157141214281;
494, 364, 1157141214297;
491, 367, 1157141214297;
487, 374, 1157141214312;
485, 381, 1157141214328;
485, 388, 1157141214343;
485, 394, 1157141214359;
486, 398, 1157141214375;
490, 402, 1157141214390;
494, 404, 1157141214390;
498, 404, 1157141214406;
501, 404, 1157141214422;
502, 404, 1157141214437;
503, 402, 1157141214453;
505, 397, 1157141214468;
508, 390, 1157141214484;
510, 381, 1157141214484;
512, 372, 1157141214500;
513, 365, 1157141214515;
513, 362, 1157141214531;
513, 361, 1157141214547;
513, 363, 1157141214593;
513, 366, 1157141214609;
513, 371, 1157141214625;
513, 378, 1157141214640;
515, 388, 1157141214656;
516, 402, 1157141214672;
518, 417, 1157141214672;
521, 437, 1157141214687;
522, 451, 1157141214703;
522, 462, 1157141214718;
522, 472, 1157141214734;
517, 479, 1157141214750;
512, 485, 1157141214765;
505, 489, 1157141214781;
499, 491, 1157141214781;
494, 491, 1157141214797;
490, 488, 1157141214812;
486, 481, 1157141214828;
485, 470, 1157141214843;
485, 457, 1157141214859;
488, 439, 1157141214875;
494, 425, 1157141214875;
503, 415, 1157141214890;
512, 406, 1157141214906;
523, 399, 1157141214922;
532, 394, 1157141214937;
536, 392, 1157141214953;
539, 391, 1157141214968;
541, 390, 1157141214968;
541, 390, 1157141215015;
