500, 335, 1157141219922;
499, 332, 1157141219937;
496, 329, 1157141219937;
495, 328, 1157141219953;
494, 327, 1157141219968;
491, 327, 1157141219984;
487, 327, 1157141220000;
482, 328, 1157141220015;
476, 331, 1157141220031;
472, 334, 1157141220031;
471, 335, 1157141220047;
470, 337, 1157141220062;
469, 341, 1157141220078;
468, 345, 1157141220093;
468, 350, 1157141220109;
468, 353, 1157141220125;
468, 356, 1157141220140;
469, 359, 1157141220140;
471, 361, 1157141220156;
473, 362, 1157141220172;
475, 363, 1157141220187;
477, 363, 1157141220203;
480, 363, 1157141220218;
482, 361, 1157141220234;
486, 358, 1157141220234;
489, 353, 1157141220250;
489, 351, 1157141220265;
491, 349, 1157141220281;
491, 347, 1157141220297;
491, 346, 1157141220328;
491, 345, 1157141220328;
491, 344, 1157141220343;
491, 343, 1157141220375;
491, 345, 1157141220500;
491, 349, 1157141220515;
491, 356, 1157141220515;
491, 365, 1157141220531;
491, 376, 1157141220547;
491, 389, 1157141220562;
489, 401, 1157141220578;
487, 413, 1157141220593;
486, 421, 1157141220609;
485, 423, 1157141220625;
484, 425, 1157141220625;
482, 426, 1157141220640;
479, 426, 1157141220656;
474, 426, 1157141220672;
469, 423, 1157141220687;
466, 419, 1157141220703;
465, 415, 1157141220703;
465, 409, 1157141220718;
465, 403, 1157141220734;
468, 395, 1157141220750;
474, 387, 1157141220765;
483, 379, 1157141220781;
490, 373, 1157141220797;
496, 368, 1157141220812;
501, 366, 1157141220812;
505, 364, 1157141220828;
508, 364, 1157141220843;
510, 363, 1157141220859;
511, 363, 1157141220875;
511, 363, 1157141220890;
