510, 307, 1157141229765;
510, 308, 1157141229797;
509, 308, 1157141229812;
509, 307, 1157141229859;
508, 306, 1157141229859;
508, 304, 1157141229875;
506, 303, 1157141229890;
504, 301, 1157141229906;
501, 301, 1157141229922;
497, 299, 1157141229937;
494, 299, 1157141229953;
492, 298, 1157141229968;
490, 298, 1157141229968;
489, 299, 1157141229984;
486, 301, 1157141230000;
485, 303, 1157141230015;
483, 308, 1157141230031;
482, 313, 1157141230047;
482, 320, 1157141230062;
482, 327, 1157141230062;
482, 331, 1157141230078;
483, 334, 1157141230093;
485, 337, 1157141230109;
486, 338, 1157141230125;
488, 338, 1157141230140;
491, 338, 1157141230156;
494, 336, 1157141230156;
497, 334, 1157141230172;
500, 331, 1157141230187;
504, 327, 1157141230203;
508, 323, 1157141230218;
508, 320, 1157141230234;
509, 320, 1157141230250;
509, 319, 1157141230250;
509, 318, 1157141230281;
509, 316, 1157141230297;
509, 315, 1157141230312;
509, 314, 1157141230328;
509, 315, 1157141230453;
509, 316, 1157141230468;
508, 319, 1157141230484;
506, 324, 1157141230500;
505, 332, 1157141230515;
505, 339, 1157141230531;
503, 348, 1157141230531;
502, 358, 1157141230547;
501, 368, 1157141230562;
499, 379, 1157141230578;
493, 393, 1157141230593;
488, 406, 1157141230609;
482, 414, 1157141230625;
476, 422, 1157141230625;
470, 427, 1157141230640;
463, 429, 1157141230656;
457, 429, 1157141230672;
454, 426, 1157141230687;
452, 424, 1157141230703;
452, 420, 1157141230718;
452, 414, 1157141230718;
454, 407, 1157141230734;
458, 399, 1157141230750;
463, 391, 1157141230765;
468, 386, 1157141230781;
474, 381, 1157141230797;
479, 378, 1157141230812;
483, 376, 1157141230812;
489, 373, 1157141230828;
496, 372, 1157141230843;
507, 370, 1157141230859;
516, 368, 1157141230875;
526, 366, 1157141230890;
533, 364, 1157141230906;
539, 363, 1157141230922;
540, 363, 1157141230922;
541, 363, 1157141230937;
541, 362, 1157141230953;
541, 361, 1157141230984;
541, 361, 1157141230984;
