616, 355, 1157690991531;
617, 353, 1157690991547;
618, 351, 1157690991562;
618, 346, 1157690991578;
618, 341, 1157690991578;
618, 335, 1157690991593;
618, 331, 1157690991609;
618, 327, 1157690991625;
617, 323, 1157690991640;
614, 318, 1157690991656;
608, 313, 1157690991672;
601, 310, 1157690991687;
594, 309, 1157690991687;
590, 309, 1157690991703;
587, 309, 1157690991718;
582, 310, 1157690991734;
578, 315, 1157690991750;
574, 322, 1157690991765;
570, 329, 1157690991765;
567, 338, 1157690991781;
566, 347, 1157690991797;
566, 358, 1157690991812;
566, 366, 1157690991828;
567, 372, 1157690991843;
569, 378, 1157690991859;
572, 381, 1157690991875;
574, 382, 1157690991875;
576, 382, 1157690991890;
578, 382, 1157690991906;
582, 379, 1157690991922;
585, 375, 1157690991937;
590, 370, 1157690991953;
594, 364, 1157690991968;
597, 359, 1157690991968;
600, 353, 1157690991984;
603, 348, 1157690992000;
604, 344, 1157690992015;
606, 339, 1157690992031;
606, 336, 1157690992047;
606, 334, 1157690992062;
606, 332, 1157690992062;
606, 331, 1157690992078;
606, 332, 1157690992156;
606, 337, 1157690992172;
606, 342, 1157690992187;
606, 351, 1157690992203;
604, 362, 1157690992218;
603, 375, 1157690992234;
601, 392, 1157690992250;
596, 416, 1157690992250;
593, 432, 1157690992265;
589, 448, 1157690992281;
584, 462, 1157690992297;
580, 471, 1157690992312;
576, 478, 1157690992328;
570, 482, 1157690992343;
563, 484, 1157690992343;
554, 484, 1157690992359;
544, 480, 1157690992375;
535, 475, 1157690992390;
530, 469, 1157690992406;
528, 460, 1157690992422;
527, 452, 1157690992437;
527, 442, 1157690992437;
531, 426, 1157690992453;
538, 413, 1157690992468;
546, 404, 1157690992484;
554, 398, 1157690992500;
560, 392, 1157690992515;
566, 387, 1157690992531;
573, 382, 1157690992547;
584, 380, 1157690992547;
593, 379, 1157690992562;
601, 379, 1157690992578;
608, 379, 1157690992593;
614, 379, 1157690992609;
618, 379, 1157690992625;
622, 379, 1157690992640;
626, 379, 1157690992640;
628, 377, 1157690992656;
633, 373, 1157690992672;
637, 367, 1157690992687;
641, 360, 1157690992703;
641, 360, 1157690992718;
