675, 329, 1157691008531;
675, 328, 1157691008531;
674, 328, 1157691008547;
673, 327, 1157691008562;
673, 326, 1157691008578;
672, 325, 1157691008593;
671, 325, 1157691008609;
670, 323, 1157691008625;
669, 321, 1157691008625;
668, 319, 1157691008640;
667, 317, 1157691008656;
666, 314, 1157691008672;
665, 311, 1157691008687;
663, 307, 1157691008703;
662, 304, 1157691008718;
661, 302, 1157691008734;
660, 300, 1157691008734;
658, 299, 1157691008750;
657, 299, 1157691008765;
656, 299, 1157691008781;
653, 302, 1157691008797;
649, 309, 1157691008812;
645, 318, 1157691008812;
642, 327, 1157691008828;
639, 338, 1157691008843;
638, 346, 1157691008859;
637, 352, 1157691008875;
637, 356, 1157691008890;
637, 360, 1157691008906;
637, 363, 1157691008922;
637, 366, 1157691008922;
639, 368, 1157691008937;
640, 370, 1157691008953;
643, 371, 1157691008968;
646, 371, 1157691008984;
650, 369, 1157691009000;
656, 366, 1157691009000;
660, 361, 1157691009015;
664, 356, 1157691009031;
666, 350, 1157691009047;
669, 345, 1157691009062;
671, 340, 1157691009078;
671, 338, 1157691009093;
671, 335, 1157691009109;
671, 333, 1157691009109;
671, 331, 1157691009125;
671, 329, 1157691009140;
670, 328, 1157691009172;
669, 327, 1157691009187;
669, 326, 1157691009203;
668, 326, 1157691009203;
668, 325, 1157691009218;
668, 326, 1157691009312;
668, 328, 1157691009328;
668, 329, 1157691009343;
668, 332, 1157691009359;
668, 336, 1157691009375;
668, 340, 1157691009390;
668, 347, 1157691009390;
668, 355, 1157691009406;
666, 365, 1157691009422;
663, 378, 1157691009437;
658, 394, 1157691009453;
655, 406, 1157691009468;
652, 413, 1157691009484;
649, 419, 1157691009484;
647, 422, 1157691009500;
645, 426, 1157691009515;
641, 431, 1157691009531;
637, 434, 1157691009547;
634, 437, 1157691009562;
632, 438, 1157691009578;
630, 438, 1157691009578;
629, 438, 1157691009609;
628, 438, 1157691009625;
627, 436, 1157691009640;
626, 434, 1157691009656;
625, 431, 1157691009672;
625, 427, 1157691009687;
625, 419, 1157691009687;
627, 410, 1157691009703;
631, 398, 1157691009718;
637, 384, 1157691009734;
644, 373, 1157691009750;
651, 364, 1157691009765;
659, 356, 1157691009765;
665, 351, 1157691009781;
671, 348, 1157691009797;
678, 345, 1157691009812;
687, 341, 1157691009828;
697, 340, 1157691009843;
705, 339, 1157691009859;
712, 338, 1157691009875;
716, 338, 1157691009875;
719, 337, 1157691009890;
723, 336, 1157691009906;
725, 334, 1157691009922;
728, 329, 1157691009937;
732, 322, 1157691009953;
735, 312, 1157691009953;
737, 300, 1157691009968;
739, 289, 1157691009984;
739, 280, 1157691010000;
739, 273, 1157691010015;
736, 268, 1157691010031;
733, 266, 1157691010047;
731, 265, 1157691010062;
729, 264, 1157691010062;
727, 264, 1157691010078;
723, 264, 1157691010093;
718, 265, 1157691010109;
714, 268, 1157691010125;
708, 271, 1157691010140;
703, 274, 1157691010156;
703, 274, 1157691010156;
