512, 315, 1157141122515;
511, 315, 1157141122672;
509, 312, 1157141122703;
507, 308, 1157141122703;
503, 305, 1157141122718;
500, 301, 1157141122734;
496, 297, 1157141122750;
491, 294, 1157141122765;
487, 294, 1157141122781;
484, 294, 1157141122797;
480, 294, 1157141122797;
475, 297, 1157141122812;
472, 303, 1157141122828;
469, 310, 1157141122843;
468, 317, 1157141122859;
467, 324, 1157141122875;
467, 330, 1157141122890;
469, 335, 1157141122890;
473, 339, 1157141122906;
478, 343, 1157141122922;
484, 346, 1157141122937;
488, 347, 1157141122953;
491, 347, 1157141122968;
493, 344, 1157141122984;
496, 338, 1157141123000;
498, 334, 1157141123000;
500, 329, 1157141123015;
501, 324, 1157141123031;
502, 319, 1157141123047;
502, 315, 1157141123062;
502, 313, 1157141123078;
502, 312, 1157141123078;
502, 311, 1157141123093;
502, 312, 1157141123172;
502, 315, 1157141123187;
502, 320, 1157141123203;
502, 327, 1157141123218;
502, 335, 1157141123234;
502, 347, 1157141123250;
503, 363, 1157141123265;
503, 385, 1157141123281;
503, 404, 1157141123281;
503, 419, 1157141123297;
503, 429, 1157141123312;
502, 436, 1157141123328;
500, 441, 1157141123343;
499, 445, 1157141123359;
497, 448, 1157141123375;
496, 452, 1157141123375;
493, 454, 1157141123390;
491, 456, 1157141123406;
489, 456, 1157141123422;
486, 456, 1157141123437;
483, 453, 1157141123453;
479, 449, 1157141123468;
476, 444, 1157141123468;
475, 437, 1157141123484;
475, 431, 1157141123500;
477, 423, 1157141123515;
483, 413, 1157141123531;
490, 404, 1157141123547;
497, 397, 1157141123562;
502, 393, 1157141123562;
506, 389, 1157141123578;
510, 388, 1157141123593;
513, 387, 1157141123609;
516, 386, 1157141123625;
519, 385, 1157141123640;
523, 385, 1157141123656;
525, 385, 1157141123672;
525, 384, 1157141123672;
526, 384, 1157141123687;
526, 383, 1157141123718;
526, 383, 1157141123718;
