647, 339, 1157691020297;
647, 338, 1157691020343;
647, 337, 1157691020375;
647, 336, 1157691020390;
647, 334, 1157691020422;
647, 332, 1157691020453;
647, 330, 1157691020468;
647, 328, 1157691020468;
647, 326, 1157691020484;
647, 324, 1157691020500;
647, 322, 1157691020515;
647, 319, 1157691020531;
647, 317, 1157691020547;
647, 314, 1157691020562;
647, 313, 1157691020562;
647, 311, 1157691020578;
647, 310, 1157691020593;
647, 309, 1157691020625;
645, 309, 1157691020640;
643, 310, 1157691020656;
640, 313, 1157691020672;
638, 317, 1157691020687;
632, 324, 1157691020703;
625, 333, 1157691020718;
616, 343, 1157691020734;
608, 353, 1157691020750;
603, 360, 1157691020750;
600, 367, 1157691020765;
597, 373, 1157691020781;
596, 380, 1157691020797;
596, 385, 1157691020812;
596, 388, 1157691020828;
598, 392, 1157691020843;
601, 394, 1157691020843;
608, 394, 1157691020859;
615, 394, 1157691020875;
622, 391, 1157691020890;
628, 385, 1157691020906;
632, 378, 1157691020922;
635, 370, 1157691020937;
638, 360, 1157691020937;
641, 350, 1157691020953;
643, 340, 1157691020968;
645, 331, 1157691020984;
645, 326, 1157691021000;
645, 322, 1157691021015;
645, 319, 1157691021031;
645, 317, 1157691021031;
645, 321, 1157691021125;
644, 327, 1157691021140;
643, 333, 1157691021156;
642, 343, 1157691021172;
639, 355, 1157691021187;
638, 370, 1157691021203;
637, 388, 1157691021218;
634, 406, 1157691021234;
632, 427, 1157691021234;
628, 440, 1157691021250;
625, 454, 1157691021265;
621, 465, 1157691021281;
614, 473, 1157691021297;
608, 478, 1157691021312;
601, 481, 1157691021328;
595, 483, 1157691021328;
590, 483, 1157691021343;
584, 483, 1157691021359;
579, 480, 1157691021375;
575, 478, 1157691021390;
572, 474, 1157691021406;
570, 469, 1157691021422;
570, 461, 1157691021422;
570, 453, 1157691021437;
573, 443, 1157691021453;
577, 433, 1157691021468;
581, 425, 1157691021484;
585, 417, 1157691021500;
589, 413, 1157691021515;
594, 409, 1157691021515;
600, 407, 1157691021531;
608, 405, 1157691021547;
616, 404, 1157691021562;
626, 403, 1157691021578;
632, 403, 1157691021593;
642, 403, 1157691021609;
652, 403, 1157691021609;
663, 401, 1157691021625;
670, 398, 1157691021640;
676, 394, 1157691021656;
682, 387, 1157691021672;
687, 380, 1157691021687;
691, 372, 1157691021703;
692, 367, 1157691021703;
693, 360, 1157691021718;
693, 354, 1157691021734;
693, 349, 1157691021750;
693, 345, 1157691021765;
693, 342, 1157691021781;
692, 339, 1157691021797;
690, 337, 1157691021797;
690, 335, 1157691021812;
688, 335, 1157691021828;
688, 334, 1157691021843;
687, 333, 1157691021859;
687, 333, 1157691021890;
