483, 342, 1157141129250;
482, 341, 1157141129297;
480, 337, 1157141129312;
479, 334, 1157141129328;
475, 329, 1157141129343;
469, 324, 1157141129359;
464, 321, 1157141129359;
461, 319, 1157141129375;
458, 319, 1157141129390;
455, 319, 1157141129406;
454, 319, 1157141129422;
453, 321, 1157141129437;
449, 325, 1157141129453;
446, 334, 1157141129453;
443, 344, 1157141129468;
439, 357, 1157141129484;
439, 369, 1157141129500;
439, 377, 1157141129515;
440, 382, 1157141129531;
444, 386, 1157141129531;
446, 388, 1157141129547;
448, 389, 1157141129562;
449, 389, 1157141129578;
451, 386, 1157141129593;
452, 384, 1157141129609;
454, 381, 1157141129625;
457, 375, 1157141129640;
459, 370, 1157141129640;
463, 362, 1157141129656;
464, 359, 1157141129672;
465, 356, 1157141129687;
465, 355, 1157141129718;
465, 356, 1157141129812;
466, 360, 1157141129828;
467, 364, 1157141129828;
468, 372, 1157141129843;
469, 383, 1157141129859;
469, 395, 1157141129875;
469, 408, 1157141129890;
466, 425, 1157141129906;
462, 441, 1157141129922;
457, 460, 1157141129922;
452, 472, 1157141129937;
448, 481, 1157141129953;
446, 484, 1157141129968;
444, 486, 1157141129984;
442, 486, 1157141130015;
440, 483, 1157141130015;
438, 480, 1157141130031;
438, 476, 1157141130047;
438, 468, 1157141130062;
441, 458, 1157141130078;
449, 443, 1157141130093;
462, 431, 1157141130109;
472, 420, 1157141130109;
480, 415, 1157141130125;
484, 411, 1157141130140;
488, 409, 1157141130156;
492, 407, 1157141130172;
497, 406, 1157141130187;
497, 405, 1157141130203;
499, 405, 1157141130218;
499, 405, 1157141130234;
