467, 327, 1157141135375;
467, 324, 1157141135468;
466, 322, 1157141135484;
464, 321, 1157141135500;
460, 318, 1157141135515;
454, 316, 1157141135531;
450, 315, 1157141135547;
447, 315, 1157141135562;
446, 315, 1157141135562;
444, 316, 1157141135578;
440, 322, 1157141135593;
437, 331, 1157141135609;
434, 339, 1157141135625;
434, 349, 1157141135640;
434, 358, 1157141135656;
436, 366, 1157141135656;
439, 372, 1157141135672;
441, 376, 1157141135687;
443, 376, 1157141135703;
448, 376, 1157141135718;
456, 369, 1157141135734;
465, 358, 1157141135750;
474, 344, 1157141135750;
479, 332, 1157141135765;
483, 318, 1157141135781;
484, 309, 1157141135797;
484, 305, 1157141135812;
484, 302, 1157141135828;
481, 316, 1157141135890;
481, 327, 1157141135906;
481, 340, 1157141135922;
481, 358, 1157141135937;
481, 383, 1157141135937;
481, 410, 1157141135953;
481, 437, 1157141135968;
476, 461, 1157141135984;
472, 473, 1157141136000;
465, 483, 1157141136015;
457, 491, 1157141136031;
449, 495, 1157141136047;
442, 495, 1157141136047;
434, 495, 1157141136062;
426, 490, 1157141136078;
421, 485, 1157141136093;
418, 476, 1157141136109;
418, 461, 1157141136125;
426, 439, 1157141136125;
437, 416, 1157141136140;
449, 395, 1157141136156;
462, 380, 1157141136172;
476, 369, 1157141136187;
486, 363, 1157141136203;
495, 360, 1157141136218;
499, 358, 1157141136234;
502, 358, 1157141136234;
505, 358, 1157141136250;
507, 358, 1157141136265;
507, 358, 1157141136265;
