496, 336, 1157141141812;
496, 335, 1157141141828;
496, 333, 1157141141843;
495, 331, 1157141141859;
494, 329, 1157141141875;
493, 327, 1157141141890;
492, 326, 1157141141906;
490, 324, 1157141141906;
488, 323, 1157141141922;
486, 321, 1157141141937;
484, 320, 1157141141953;
482, 319, 1157141141968;
479, 318, 1157141141984;
476, 318, 1157141142000;
474, 318, 1157141142000;
473, 320, 1157141142015;
470, 323, 1157141142031;
467, 329, 1157141142047;
465, 336, 1157141142062;
464, 342, 1157141142078;
464, 347, 1157141142093;
465, 353, 1157141142093;
469, 358, 1157141142109;
474, 361, 1157141142125;
479, 364, 1157141142140;
482, 366, 1157141142156;
484, 366, 1157141142172;
486, 366, 1157141142187;
489, 364, 1157141142187;
491, 361, 1157141142203;
493, 356, 1157141142218;
496, 352, 1157141142234;
498, 346, 1157141142250;
499, 340, 1157141142265;
500, 338, 1157141142281;
500, 337, 1157141142297;
500, 336, 1157141142312;
500, 337, 1157141142406;
500, 338, 1157141142437;
500, 341, 1157141142453;
500, 345, 1157141142468;
500, 352, 1157141142468;
501, 361, 1157141142484;
501, 373, 1157141142500;
501, 389, 1157141142515;
496, 413, 1157141142531;
490, 434, 1157141142547;
486, 447, 1157141142562;
482, 455, 1157141142578;
479, 459, 1157141142578;
474, 462, 1157141142593;
468, 462, 1157141142609;
460, 462, 1157141142625;
453, 462, 1157141142640;
449, 462, 1157141142656;
446, 461, 1157141142672;
445, 459, 1157141142672;
445, 456, 1157141142687;
447, 449, 1157141142703;
456, 436, 1157141142718;
467, 424, 1157141142734;
476, 414, 1157141142750;
484, 407, 1157141142765;
492, 403, 1157141142765;
501, 401, 1157141142781;
511, 400, 1157141142797;
517, 399, 1157141142812;
523, 399, 1157141142828;
526, 399, 1157141142843;
527, 398, 1157141142859;
529, 397, 1157141142859;
530, 397, 1157141142875;
530, 397, 1157141142890;
