487, 296, 1157141147687;
488, 296, 1157141147718;
488, 295, 1157141147750;
488, 294, 1157141147750;
488, 293, 1157141147765;
486, 291, 1157141147781;
484, 290, 1157141147797;
481, 289, 1157141147812;
478, 289, 1157141147828;
475, 289, 1157141147843;
473, 289, 1157141147843;
472, 290, 1157141147875;
470, 293, 1157141147890;
468, 297, 1157141147906;
467, 303, 1157141147922;
467, 307, 1157141147937;
467, 311, 1157141147937;
467, 314, 1157141147953;
468, 317, 1157141147968;
469, 317, 1157141147984;
471, 318, 1157141148000;
472, 318, 1157141148015;
473, 318, 1157141148031;
473, 316, 1157141148031;
475, 313, 1157141148047;
477, 309, 1157141148062;
478, 305, 1157141148078;
479, 303, 1157141148093;
480, 302, 1157141148109;
480, 301, 1157141148125;
480, 300, 1157141148140;
480, 299, 1157141148156;
481, 299, 1157141148250;
481, 301, 1157141148265;
483, 305, 1157141148281;
485, 312, 1157141148297;
487, 324, 1157141148312;
488, 345, 1157141148312;
491, 365, 1157141148328;
493, 385, 1157141148343;
493, 398, 1157141148359;
493, 405, 1157141148375;
493, 407, 1157141148390;
493, 409, 1157141148406;
489, 410, 1157141148422;
484, 411, 1157141148422;
477, 411, 1157141148437;
473, 411, 1157141148453;
471, 410, 1157141148468;
470, 408, 1157141148484;
470, 405, 1157141148500;
470, 397, 1157141148515;
475, 387, 1157141148515;
483, 379, 1157141148531;
491, 372, 1157141148547;
496, 367, 1157141148562;
501, 364, 1157141148578;
503, 364, 1157141148593;
505, 362, 1157141148609;
508, 361, 1157141148609;
508, 361, 1157141148609;
