488, 327, 1157141154484;
487, 327, 1157141154547;
485, 326, 1157141154562;
483, 325, 1157141154578;
480, 324, 1157141154593;
475, 323, 1157141154609;
471, 323, 1157141154609;
469, 323, 1157141154625;
468, 323, 1157141154640;
465, 326, 1157141154656;
462, 333, 1157141154672;
458, 341, 1157141154687;
457, 350, 1157141154703;
457, 356, 1157141154718;
457, 363, 1157141154718;
458, 369, 1157141154734;
461, 372, 1157141154750;
464, 374, 1157141154765;
469, 375, 1157141154781;
473, 373, 1157141154797;
481, 366, 1157141154797;
486, 356, 1157141154812;
490, 348, 1157141154828;
492, 341, 1157141154843;
493, 335, 1157141154859;
494, 332, 1157141154875;
494, 331, 1157141154890;
494, 330, 1157141154906;
494, 331, 1157141154968;
493, 334, 1157141154984;
492, 343, 1157141155000;
490, 353, 1157141155000;
488, 367, 1157141155015;
486, 384, 1157141155031;
482, 402, 1157141155047;
478, 418, 1157141155062;
475, 430, 1157141155078;
470, 440, 1157141155093;
467, 445, 1157141155093;
463, 447, 1157141155109;
460, 448, 1157141155125;
458, 448, 1157141155140;
457, 445, 1157141155156;
456, 441, 1157141155172;
456, 432, 1157141155187;
461, 414, 1157141155187;
475, 388, 1157141155203;
489, 373, 1157141155218;
498, 364, 1157141155234;
505, 359, 1157141155250;
511, 355, 1157141155265;
516, 353, 1157141155281;
522, 350, 1157141155297;
526, 349, 1157141155297;
527, 348, 1157141155312;
527, 347, 1157141155343;
525, 346, 1157141155375;
525, 346, 1157141155375;
