507, 348, 1157141163328;
505, 346, 1157141163359;
504, 344, 1157141163359;
501, 342, 1157141163375;
498, 339, 1157141163390;
494, 338, 1157141163406;
489, 338, 1157141163422;
485, 340, 1157141163437;
480, 345, 1157141163453;
476, 352, 1157141163468;
473, 361, 1157141163468;
471, 369, 1157141163484;
470, 377, 1157141163500;
470, 383, 1157141163515;
471, 387, 1157141163531;
474, 390, 1157141163547;
476, 390, 1157141163547;
479, 390, 1157141163562;
484, 387, 1157141163578;
492, 382, 1157141163593;
497, 375, 1157141163609;
502, 368, 1157141163625;
504, 364, 1157141163640;
505, 360, 1157141163656;
506, 358, 1157141163656;
507, 356, 1157141163672;
507, 355, 1157141163687;
507, 354, 1157141163703;
507, 355, 1157141163750;
507, 357, 1157141163750;
507, 360, 1157141163765;
507, 366, 1157141163781;
505, 375, 1157141163797;
503, 389, 1157141163812;
502, 407, 1157141163828;
499, 430, 1157141163843;
497, 448, 1157141163843;
495, 459, 1157141163859;
493, 467, 1157141163875;
493, 471, 1157141163890;
490, 472, 1157141163906;
487, 474, 1157141163922;
482, 475, 1157141163937;
477, 475, 1157141163953;
476, 472, 1157141163953;
474, 469, 1157141163968;
474, 465, 1157141163984;
477, 457, 1157141164000;
487, 441, 1157141164015;
500, 426, 1157141164031;
510, 417, 1157141164031;
517, 412, 1157141164047;
524, 409, 1157141164062;
527, 409, 1157141164078;
530, 408, 1157141164093;
532, 408, 1157141164109;
534, 407, 1157141164125;
535, 407, 1157141164140;
535, 407, 1157141164140;
