541, 314, 1157141169109;
540, 313, 1157141169140;
538, 312, 1157141169172;
537, 309, 1157141169172;
534, 308, 1157141169187;
531, 306, 1157141169203;
529, 305, 1157141169218;
527, 305, 1157141169234;
526, 304, 1157141169250;
524, 304, 1157141169265;
523, 304, 1157141169281;
523, 305, 1157141169297;
523, 309, 1157141169312;
523, 313, 1157141169328;
523, 318, 1157141169343;
523, 322, 1157141169359;
524, 325, 1157141169359;
526, 327, 1157141169375;
530, 329, 1157141169390;
533, 330, 1157141169406;
536, 330, 1157141169422;
538, 327, 1157141169437;
542, 324, 1157141169453;
543, 320, 1157141169453;
545, 316, 1157141169468;
546, 313, 1157141169484;
547, 310, 1157141169500;
547, 308, 1157141169515;
547, 307, 1157141169531;
547, 306, 1157141169547;
546, 306, 1157141169578;
546, 308, 1157141169625;
545, 312, 1157141169640;
543, 320, 1157141169656;
540, 331, 1157141169656;
537, 349, 1157141169672;
533, 380, 1157141169687;
532, 405, 1157141169703;
532, 424, 1157141169718;
532, 438, 1157141169734;
530, 447, 1157141169734;
529, 451, 1157141169750;
527, 453, 1157141169765;
523, 455, 1157141169781;
519, 456, 1157141169797;
514, 456, 1157141169812;
511, 451, 1157141169828;
509, 446, 1157141169828;
509, 438, 1157141169843;
509, 426, 1157141169859;
513, 414, 1157141169875;
521, 401, 1157141169890;
534, 388, 1157141169906;
543, 380, 1157141169922;
550, 375, 1157141169937;
553, 374, 1157141169937;
556, 373, 1157141169953;
556, 372, 1157141169968;
557, 372, 1157141169984;
557, 372, 1157141169984;
