463, 318, 1157142974797;
464, 318, 1157142974875;
462, 316, 1157142974937;
460, 315, 1157142974953;
458, 313, 1157142974968;
456, 313, 1157142974984;
454, 312, 1157142974984;
452, 312, 1157142975000;
450, 312, 1157142975015;
448, 312, 1157142975031;
446, 312, 1157142975047;
444, 312, 1157142975062;
443, 313, 1157142975078;
443, 316, 1157142975093;
442, 319, 1157142975109;
441, 321, 1157142975125;
441, 324, 1157142975140;
441, 327, 1157142975156;
442, 328, 1157142975172;
445, 331, 1157142975172;
447, 332, 1157142975187;
449, 334, 1157142975203;
451, 337, 1157142975218;
454, 339, 1157142975234;
455, 342, 1157142975250;
458, 347, 1157142975265;
460, 350, 1157142975281;
461, 355, 1157142975281;
461, 358, 1157142975297;
461, 362, 1157142975312;
461, 363, 1157142975328;
461, 364, 1157142975343;
459, 365, 1157142975359;
458, 366, 1157142975359;
455, 368, 1157142975375;
453, 369, 1157142975390;
450, 369, 1157142975406;
447, 369, 1157142975422;
444, 369, 1157142975437;
441, 369, 1157142975453;
438, 368, 1157142975468;
436, 366, 1157142975468;
434, 364, 1157142975484;
432, 362, 1157142975500;
431, 359, 1157142975515;
429, 358, 1157142975531;
429, 357, 1157142975547;
428, 357, 1157142975562;
428, 357, 1157142975562;
