519, 355, 1157144129234;
503, 347, 1157144129250;
500, 347, 1157144129250;
497, 346, 1157144129265;
493, 346, 1157144129265;
490, 347, 1157144129281;
486, 347, 1157144129281;
482, 348, 1157144129297;
479, 349, 1157144129297;
476, 351, 1157144129312;
473, 352, 1157144129312;
470, 353, 1157144129328;
468, 355, 1157144129328;
466, 356, 1157144129343;
465, 358, 1157144129343;
465, 359, 1157144129359;
465, 360, 1157144129359;
465, 361, 1157144129375;
466, 363, 1157144129375;
468, 364, 1157144129390;
470, 365, 1157144129390;
472, 367, 1157144129406;
474, 369, 1157144129406;
477, 371, 1157144129422;
480, 373, 1157144129422;
483, 376, 1157144129437;
486, 378, 1157144129437;
489, 381, 1157144129453;
492, 384, 1157144129453;
495, 388, 1157144129468;
498, 391, 1157144129468;
501, 395, 1157144129484;
504, 399, 1157144129484;
506, 402, 1157144129500;
508, 406, 1157144129500;
510, 410, 1157144129500;
511, 414, 1157144129515;
513, 419, 1157144129515;
513, 423, 1157144129531;
513, 426, 1157144129531;
513, 430, 1157144129547;
512, 433, 1157144129547;
511, 436, 1157144129562;
509, 439, 1157144129562;
506, 441, 1157144129578;
503, 444, 1157144129578;
500, 445, 1157144129593;
496, 447, 1157144129593;
492, 448, 1157144129609;
488, 449, 1157144129609;
483, 450, 1157144129625;
479, 451, 1157144129625;
475, 451, 1157144129640;
472, 451, 1157144129640;
468, 452, 1157144129656;
465, 452, 1157144129656;
462, 452, 1157144129672;
452, 452, 1157144129672;
452, 452, 1157144129672;
