533, 318, 1157144135265;
513, 310, 1157144135265;
510, 310, 1157144135281;
507, 311, 1157144135281;
504, 312, 1157144135297;
500, 314, 1157144135297;
497, 316, 1157144135312;
493, 318, 1157144135312;
490, 320, 1157144135328;
487, 323, 1157144135328;
484, 326, 1157144135343;
482, 328, 1157144135343;
481, 331, 1157144135359;
480, 334, 1157144135359;
479, 337, 1157144135375;
479, 340, 1157144135375;
479, 343, 1157144135390;
480, 346, 1157144135390;
482, 348, 1157144135406;
483, 351, 1157144135406;
486, 354, 1157144135422;
488, 357, 1157144135422;
491, 360, 1157144135437;
495, 363, 1157144135437;
499, 366, 1157144135453;
503, 369, 1157144135453;
507, 371, 1157144135453;
510, 374, 1157144135468;
514, 377, 1157144135468;
517, 380, 1157144135484;
520, 383, 1157144135484;
523, 385, 1157144135500;
525, 388, 1157144135500;
526, 390, 1157144135515;
520, 406, 1157144135578;
517, 408, 1157144135593;
514, 409, 1157144135593;
511, 410, 1157144135609;
508, 411, 1157144135609;
504, 412, 1157144135625;
501, 413, 1157144135625;
497, 414, 1157144135640;
494, 415, 1157144135640;
491, 416, 1157144135656;
488, 417, 1157144135656;
485, 418, 1157144135672;
482, 419, 1157144135672;
479, 420, 1157144135687;
477, 421, 1157144135687;
468, 425, 1157144135703;
468, 425, 1157144135703;
