533, 287, 1157144141687;
516, 285, 1157144141687;
513, 285, 1157144141703;
510, 286, 1157144141703;
506, 287, 1157144141718;
503, 288, 1157144141718;
500, 290, 1157144141718;
497, 291, 1157144141734;
495, 293, 1157144141734;
493, 295, 1157144141750;
491, 296, 1157144141750;
490, 298, 1157144141765;
489, 300, 1157144141765;
488, 301, 1157144141781;
488, 303, 1157144141781;
489, 305, 1157144141797;
490, 307, 1157144141797;
491, 309, 1157144141812;
493, 311, 1157144141812;
495, 312, 1157144141828;
497, 314, 1157144141828;
500, 316, 1157144141843;
503, 317, 1157144141843;
506, 319, 1157144141859;
509, 321, 1157144141859;
513, 324, 1157144141875;
516, 326, 1157144141875;
519, 329, 1157144141890;
522, 332, 1157144141890;
525, 335, 1157144141906;
528, 338, 1157144141906;
530, 341, 1157144141922;
532, 344, 1157144141922;
533, 347, 1157144141937;
534, 351, 1157144141937;
534, 354, 1157144141953;
534, 358, 1157144141953;
534, 361, 1157144141968;
533, 364, 1157144141968;
532, 367, 1157144141984;
530, 369, 1157144141984;
528, 372, 1157144142000;
525, 374, 1157144142000;
523, 375, 1157144142015;
520, 377, 1157144142015;
516, 377, 1157144142031;
513, 378, 1157144142031;
509, 378, 1157144142047;
506, 379, 1157144142047;
502, 379, 1157144142062;
499, 379, 1157144142062;
497, 379, 1157144142078;
494, 379, 1157144142078;
492, 379, 1157144142093;
491, 379, 1157144142093;
489, 379, 1157144142093;
488, 378, 1157144142109;
486, 377, 1157144142109;
486, 377, 1157144142109;
