533, 287, 1157144148250;
508, 286, 1157144148265;
505, 287, 1157144148265;
501, 289, 1157144148281;
498, 291, 1157144148281;
495, 293, 1157144148297;
492, 295, 1157144148297;
490, 297, 1157144148297;
488, 300, 1157144148312;
487, 302, 1157144148312;
486, 304, 1157144148328;
485, 307, 1157144148328;
485, 309, 1157144148343;
486, 312, 1157144148343;
487, 314, 1157144148359;
488, 316, 1157144148359;
490, 319, 1157144148375;
492, 321, 1157144148375;
494, 324, 1157144148390;
497, 327, 1157144148390;
500, 330, 1157144148406;
504, 333, 1157144148406;
507, 337, 1157144148422;
511, 341, 1157144148422;
514, 345, 1157144148437;
517, 348, 1157144148437;
520, 353, 1157144148453;
523, 357, 1157144148453;
526, 362, 1157144148468;
528, 366, 1157144148468;
530, 371, 1157144148484;
531, 375, 1157144148484;
532, 380, 1157144148500;
532, 384, 1157144148500;
532, 388, 1157144148515;
531, 391, 1157144148515;
530, 395, 1157144148531;
528, 397, 1157144148531;
525, 400, 1157144148547;
522, 402, 1157144148547;
518, 403, 1157144148562;
514, 404, 1157144148562;
510, 405, 1157144148578;
505, 406, 1157144148578;
501, 406, 1157144148593;
496, 405, 1157144148593;
491, 405, 1157144148609;
486, 404, 1157144148609;
482, 403, 1157144148625;
478, 402, 1157144148625;
474, 401, 1157144148640;
471, 401, 1157144148640;
469, 400, 1157144148656;
467, 399, 1157144148656;
460, 397, 1157144148672;
460, 397, 1157144148672;
