504, 356, 1157144154906;
481, 349, 1157144154906;
478, 349, 1157144154922;
474, 349, 1157144154922;
471, 349, 1157144154937;
468, 350, 1157144154937;
464, 351, 1157144154953;
461, 352, 1157144154953;
458, 353, 1157144154968;
455, 355, 1157144154968;
452, 357, 1157144154984;
449, 358, 1157144154984;
447, 360, 1157144155000;
445, 362, 1157144155000;
444, 364, 1157144155015;
443, 366, 1157144155015;
442, 368, 1157144155031;
442, 370, 1157144155031;
442, 372, 1157144155047;
443, 374, 1157144155047;
443, 376, 1157144155047;
444, 378, 1157144155062;
446, 380, 1157144155062;
448, 382, 1157144155078;
450, 384, 1157144155078;
452, 386, 1157144155093;
456, 388, 1157144155093;
459, 391, 1157144155109;
462, 393, 1157144155109;
465, 396, 1157144155125;
469, 399, 1157144155125;
472, 401, 1157144155140;
476, 404, 1157144155140;
479, 407, 1157144155156;
483, 410, 1157144155156;
486, 413, 1157144155172;
489, 416, 1157144155172;
491, 419, 1157144155187;
494, 421, 1157144155187;
496, 424, 1157144155203;
497, 427, 1157144155203;
499, 430, 1157144155218;
499, 432, 1157144155218;
500, 435, 1157144155234;
500, 438, 1157144155234;
499, 440, 1157144155250;
498, 442, 1157144155250;
497, 445, 1157144155265;
495, 447, 1157144155265;
492, 449, 1157144155281;
489, 451, 1157144155281;
486, 454, 1157144155297;
483, 456, 1157144155297;
479, 458, 1157144155312;
475, 460, 1157144155312;
471, 462, 1157144155328;
466, 464, 1157144155328;
462, 465, 1157144155343;
457, 467, 1157144155343;
453, 468, 1157144155359;
449, 469, 1157144155359;
445, 470, 1157144155375;
441, 470, 1157144155375;
437, 471, 1157144155390;
433, 472, 1157144155390;
430, 473, 1157144155406;
427, 473, 1157144155406;
417, 477, 1157144155422;
417, 477, 1157144155422;
