524, 313, 1157144162750;
505, 305, 1157144162750;
503, 305, 1157144162765;
500, 305, 1157144162765;
498, 305, 1157144162781;
496, 305, 1157144162781;
493, 306, 1157144162797;
491, 307, 1157144162797;
488, 308, 1157144162812;
486, 309, 1157144162812;
484, 310, 1157144162828;
481, 312, 1157144162828;
479, 314, 1157144162843;
477, 315, 1157144162843;
476, 317, 1157144162859;
474, 319, 1157144162859;
473, 320, 1157144162875;
472, 322, 1157144162875;
471, 324, 1157144162890;
470, 325, 1157144162890;
470, 327, 1157144162906;
469, 328, 1157144162906;
469, 330, 1157144162922;
469, 331, 1157144162922;
470, 333, 1157144162937;
470, 334, 1157144162937;
471, 335, 1157144162953;
472, 336, 1157144162953;
473, 338, 1157144162968;
474, 339, 1157144162968;
475, 340, 1157144162984;
476, 342, 1157144162984;
478, 343, 1157144163000;
480, 344, 1157144163000;
482, 345, 1157144163015;
484, 346, 1157144163015;
486, 347, 1157144163031;
488, 348, 1157144163031;
490, 350, 1157144163047;
493, 351, 1157144163047;
495, 352, 1157144163062;
497, 354, 1157144163062;
499, 355, 1157144163078;
502, 357, 1157144163078;
504, 359, 1157144163093;
506, 361, 1157144163093;
508, 363, 1157144163093;
509, 366, 1157144163109;
511, 369, 1157144163109;
512, 371, 1157144163125;
514, 374, 1157144163140;
515, 377, 1157144163140;
515, 381, 1157144163140;
516, 384, 1157144163172;
516, 387, 1157144163172;
516, 391, 1157144163172;
515, 394, 1157144163172;
515, 397, 1157144163187;
514, 400, 1157144163187;
512, 403, 1157144163203;
510, 406, 1157144163203;
508, 409, 1157144163218;
506, 411, 1157144163218;
495, 417, 1157144163250;
492, 418, 1157144163265;
488, 418, 1157144163265;
486, 418, 1157144163281;
483, 418, 1157144163281;
480, 418, 1157144163297;
478, 417, 1157144163297;
476, 417, 1157144163312;
469, 416, 1157144163312;
469, 416, 1157144163312;
