516, 294, 1157144170828;
503, 288, 1157144170843;
501, 287, 1157144170843;
498, 287, 1157144170859;
495, 287, 1157144170859;
491, 287, 1157144170875;
487, 287, 1157144170875;
482, 288, 1157144170890;
477, 290, 1157144170890;
472, 291, 1157144170906;
467, 293, 1157144170906;
462, 295, 1157144170922;
458, 297, 1157144170922;
454, 299, 1157144170937;
451, 302, 1157144170937;
449, 304, 1157144170953;
447, 306, 1157144170953;
446, 308, 1157144170968;
445, 309, 1157144170968;
445, 311, 1157144170984;
445, 313, 1157144170984;
446, 314, 1157144171000;
447, 315, 1157144171000;
449, 316, 1157144171015;
452, 317, 1157144171015;
454, 319, 1157144171031;
458, 320, 1157144171031;
461, 321, 1157144171047;
465, 323, 1157144171047;
469, 325, 1157144171047;
473, 327, 1157144171062;
477, 329, 1157144171062;
481, 332, 1157144171078;
485, 335, 1157144171078;
489, 338, 1157144171093;
493, 342, 1157144171093;
496, 345, 1157144171109;
500, 349, 1157144171109;
503, 352, 1157144171125;
506, 356, 1157144171125;
508, 360, 1157144171140;
510, 364, 1157144171140;
512, 367, 1157144171156;
512, 371, 1157144171156;
513, 374, 1157144171172;
512, 377, 1157144171172;
512, 380, 1157144171187;
510, 382, 1157144171187;
508, 384, 1157144171203;
506, 385, 1157144171203;
503, 386, 1157144171218;
500, 386, 1157144171218;
497, 386, 1157144171234;
493, 386, 1157144171234;
489, 386, 1157144171250;
486, 385, 1157144171250;
483, 385, 1157144171265;
479, 385, 1157144171265;
476, 384, 1157144171281;
474, 384, 1157144171281;
472, 384, 1157144171297;
470, 383, 1157144171297;
464, 382, 1157144171312;
464, 382, 1157144171312;
