506, 301, 1157144177000;
481, 300, 1157144177015;
477, 301, 1157144177015;
472, 302, 1157144177031;
468, 304, 1157144177031;
463, 306, 1157144177047;
459, 308, 1157144177047;
455, 311, 1157144177062;
452, 313, 1157144177062;
449, 315, 1157144177078;
447, 317, 1157144177078;
445, 319, 1157144177093;
445, 322, 1157144177093;
445, 324, 1157144177109;
445, 326, 1157144177109;
447, 328, 1157144177125;
449, 330, 1157144177125;
452, 332, 1157144177140;
456, 335, 1157144177140;
459, 337, 1157144177156;
463, 339, 1157144177156;
468, 342, 1157144177172;
472, 344, 1157144177172;
477, 347, 1157144177187;
481, 349, 1157144177187;
485, 352, 1157144177203;
489, 355, 1157144177203;
493, 359, 1157144177218;
497, 363, 1157144177218;
500, 366, 1157144177234;
503, 370, 1157144177234;
505, 374, 1157144177234;
506, 378, 1157144177250;
507, 382, 1157144177250;
508, 386, 1157144177265;
507, 390, 1157144177265;
507, 393, 1157144177281;
505, 397, 1157144177281;
503, 400, 1157144177297;
501, 403, 1157144177297;
498, 405, 1157144177312;
494, 407, 1157144177312;
491, 408, 1157144177328;
487, 409, 1157144177328;
483, 410, 1157144177343;
479, 410, 1157144177343;
475, 410, 1157144177359;
472, 410, 1157144177359;
469, 410, 1157144177375;
466, 410, 1157144177375;
457, 409, 1157144177390;
457, 409, 1157144177390;
