555, 366, 1157691544890;
555, 365, 1157691544906;
556, 364, 1157691544922;
557, 364, 1157691544937;
557, 363, 1157691544953;
557, 362, 1157691544968;
557, 360, 1157691544984;
557, 357, 1157691545000;
555, 355, 1157691545015;
553, 351, 1157691545031;
549, 346, 1157691545031;
546, 341, 1157691545047;
541, 338, 1157691545062;
537, 334, 1157691545078;
534, 331, 1157691545093;
531, 331, 1157691545109;
527, 331, 1157691545125;
522, 331, 1157691545140;
516, 335, 1157691545140;
511, 339, 1157691545156;
507, 345, 1157691545172;
505, 351, 1157691545187;
501, 360, 1157691545203;
499, 367, 1157691545218;
499, 373, 1157691545234;
499, 379, 1157691545234;
499, 384, 1157691545250;
500, 389, 1157691545265;
504, 392, 1157691545281;
511, 394, 1157691545297;
519, 396, 1157691545312;
526, 396, 1157691545328;
533, 396, 1157691545328;
539, 396, 1157691545343;
547, 396, 1157691545359;
555, 397, 1157691545375;
562, 399, 1157691545390;
566, 401, 1157691545406;
569, 405, 1157691545422;
572, 411, 1157691545422;
572, 419, 1157691545437;
572, 428, 1157691545453;
568, 440, 1157691545468;
560, 455, 1157691545484;
544, 469, 1157691545500;
533, 476, 1157691545515;
521, 483, 1157691545531;
505, 486, 1157691545531;
491, 486, 1157691545547;
481, 483, 1157691545562;
475, 479, 1157691545578;
470, 476, 1157691545593;
467, 473, 1157691545609;
465, 471, 1157691545609;
465, 471, 1157691545609;
