589, 352, 1157691557640;
587, 351, 1157691557718;
585, 350, 1157691557734;
584, 349, 1157691557750;
580, 346, 1157691557765;
578, 344, 1157691557781;
575, 340, 1157691557797;
573, 337, 1157691557797;
570, 335, 1157691557812;
567, 332, 1157691557828;
564, 330, 1157691557843;
562, 330, 1157691557859;
558, 329, 1157691557875;
557, 329, 1157691557890;
555, 329, 1157691557890;
553, 330, 1157691557906;
551, 332, 1157691557922;
549, 336, 1157691557937;
547, 340, 1157691557953;
546, 346, 1157691557968;
545, 350, 1157691557984;
545, 354, 1157691557984;
545, 358, 1157691558000;
545, 363, 1157691558015;
547, 366, 1157691558031;
550, 369, 1157691558047;
552, 372, 1157691558062;
557, 374, 1157691558078;
561, 377, 1157691558078;
567, 380, 1157691558093;
571, 383, 1157691558109;
574, 386, 1157691558125;
576, 389, 1157691558140;
577, 391, 1157691558156;
578, 394, 1157691558172;
578, 398, 1157691558172;
578, 402, 1157691558187;
578, 408, 1157691558203;
578, 416, 1157691558218;
576, 421, 1157691558234;
572, 427, 1157691558250;
565, 435, 1157691558265;
555, 440, 1157691558265;
544, 446, 1157691558281;
538, 449, 1157691558297;
530, 450, 1157691558312;
523, 450, 1157691558328;
518, 448, 1157691558343;
512, 444, 1157691558359;
507, 441, 1157691558375;
504, 437, 1157691558375;
502, 435, 1157691558390;
501, 432, 1157691558406;
501, 429, 1157691558422;
500, 427, 1157691558437;
500, 427, 1157691558437;
