475, 340, 1157142994703;
474, 340, 1157142994797;
472, 340, 1157142994797;
471, 339, 1157142994812;
468, 338, 1157142994828;
466, 337, 1157142994843;
464, 337, 1157142994859;
462, 337, 1157142994875;
459, 337, 1157142994890;
457, 337, 1157142994890;
454, 341, 1157142994906;
452, 345, 1157142994922;
448, 352, 1157142994937;
446, 361, 1157142994953;
445, 370, 1157142994968;
445, 381, 1157142994984;
445, 390, 1157142994984;
448, 398, 1157142995000;
452, 407, 1157142995015;
457, 413, 1157142995031;
461, 418, 1157142995047;
465, 423, 1157142995062;
467, 427, 1157142995078;
470, 432, 1157142995078;
471, 435, 1157142995093;
471, 437, 1157142995109;
471, 439, 1157142995125;
469, 440, 1157142995140;
464, 444, 1157142995156;
458, 445, 1157142995172;
452, 447, 1157142995172;
449, 448, 1157142995187;
446, 448, 1157142995203;
444, 448, 1157142995218;
442, 445, 1157142995234;
441, 443, 1157142995250;
439, 441, 1157142995265;
439, 439, 1157142995265;
438, 439, 1157142995281;
438, 438, 1157142995297;
438, 438, 1157142995343;
