632, 290, 1157691565625;
629, 290, 1157691565625;
626, 290, 1157691565640;
622, 290, 1157691565656;
619, 290, 1157691565672;
614, 291, 1157691565687;
607, 294, 1157691565703;
599, 297, 1157691565718;
592, 300, 1157691565718;
587, 304, 1157691565734;
583, 309, 1157691565750;
581, 313, 1157691565765;
579, 316, 1157691565781;
578, 318, 1157691565797;
578, 322, 1157691565812;
578, 325, 1157691565812;
579, 329, 1157691565828;
584, 333, 1157691565843;
591, 336, 1157691565859;
600, 339, 1157691565875;
607, 342, 1157691565890;
611, 343, 1157691565906;
614, 345, 1157691565906;
618, 347, 1157691565922;
619, 348, 1157691565937;
621, 350, 1157691565953;
621, 352, 1157691565968;
621, 353, 1157691565984;
619, 357, 1157691566000;
615, 362, 1157691566000;
608, 367, 1157691566015;
598, 371, 1157691566031;
585, 377, 1157691566047;
577, 380, 1157691566062;
568, 381, 1157691566078;
560, 381, 1157691566093;
560, 381, 1157691566093;
