489, 327, 1157144056265;
464, 327, 1157144056265;
460, 328, 1157144056281;
455, 329, 1157144056281;
451, 331, 1157144056297;
447, 333, 1157144056297;
444, 334, 1157144056312;
441, 336, 1157144056312;
439, 338, 1157144056328;
437, 339, 1157144056328;
437, 341, 1157144056343;
437, 343, 1157144056343;
438, 345, 1157144056359;
439, 347, 1157144056359;
441, 348, 1157144056375;
443, 350, 1157144056375;
445, 352, 1157144056390;
448, 355, 1157144056390;
451, 357, 1157144056406;
455, 360, 1157144056406;
458, 363, 1157144056422;
461, 366, 1157144056422;
463, 369, 1157144056437;
466, 372, 1157144056437;
467, 375, 1157144056453;
469, 378, 1157144056453;
469, 380, 1157144056468;
470, 383, 1157144056468;
470, 386, 1157144056484;
469, 389, 1157144056484;
468, 391, 1157144056500;
466, 394, 1157144056500;
463, 396, 1157144056500;
460, 399, 1157144056515;
457, 401, 1157144056515;
453, 403, 1157144056531;
449, 404, 1157144056531;
445, 405, 1157144056547;
441, 405, 1157144056547;
437, 405, 1157144056562;
433, 404, 1157144056562;
429, 403, 1157144056578;
426, 402, 1157144056578;
423, 401, 1157144056593;
421, 400, 1157144056593;
419, 399, 1157144056609;
418, 398, 1157144056609;
416, 393, 1157144056625;
416, 393, 1157144056625;
