502, 333, 1157144062406;
478, 335, 1157144062422;
474, 336, 1157144062422;
470, 337, 1157144062437;
467, 339, 1157144062437;
465, 340, 1157144062453;
463, 342, 1157144062453;
461, 343, 1157144062468;
461, 345, 1157144062468;
461, 346, 1157144062484;
461, 348, 1157144062484;
463, 350, 1157144062500;
465, 352, 1157144062500;
467, 355, 1157144062515;
470, 357, 1157144062515;
473, 360, 1157144062531;
477, 363, 1157144062531;
481, 365, 1157144062547;
484, 368, 1157144062547;
487, 371, 1157144062562;
490, 374, 1157144062562;
492, 376, 1157144062578;
494, 378, 1157144062578;
495, 381, 1157144062593;
495, 383, 1157144062593;
495, 385, 1157144062609;
494, 387, 1157144062609;
493, 388, 1157144062625;
491, 390, 1157144062625;
488, 392, 1157144062640;
484, 393, 1157144062640;
480, 394, 1157144062656;
476, 395, 1157144062656;
472, 396, 1157144062672;
467, 398, 1157144062672;
463, 399, 1157144062687;
459, 400, 1157144062687;
455, 401, 1157144062703;
452, 402, 1157144062703;
449, 402, 1157144062718;
446, 403, 1157144062718;
445, 403, 1157144062734;
443, 403, 1157144062734;
439, 403, 1157144062750;
439, 403, 1157144062750;
