507, 316, 1157144068562;
483, 319, 1157144068578;
481, 320, 1157144068578;
479, 321, 1157144068593;
477, 322, 1157144068593;
476, 324, 1157144068609;
475, 326, 1157144068609;
475, 327, 1157144068625;
476, 329, 1157144068625;
476, 332, 1157144068640;
478, 334, 1157144068640;
480, 336, 1157144068656;
482, 339, 1157144068656;
485, 342, 1157144068672;
488, 345, 1157144068672;
491, 348, 1157144068687;
494, 351, 1157144068687;
497, 355, 1157144068703;
499, 358, 1157144068703;
502, 361, 1157144068718;
504, 365, 1157144068718;
505, 368, 1157144068734;
506, 371, 1157144068734;
507, 375, 1157144068750;
506, 378, 1157144068750;
506, 381, 1157144068765;
505, 384, 1157144068765;
503, 386, 1157144068781;
501, 389, 1157144068781;
498, 391, 1157144068797;
494, 393, 1157144068797;
491, 394, 1157144068812;
487, 395, 1157144068812;
483, 396, 1157144068812;
479, 397, 1157144068828;
475, 398, 1157144068828;
472, 398, 1157144068843;
469, 398, 1157144068843;
466, 398, 1157144068859;
464, 398, 1157144068859;
462, 398, 1157144068875;
457, 397, 1157144068875;
457, 397, 1157144068875;
