519, 320, 1157144075172;
515, 305, 1157144075172;
514, 302, 1157144075187;
512, 300, 1157144075187;
509, 298, 1157144075203;
507, 296, 1157144075203;
504, 294, 1157144075218;
500, 292, 1157144075218;
496, 291, 1157144075234;
492, 291, 1157144075234;
488, 291, 1157144075250;
483, 292, 1157144075250;
479, 293, 1157144075265;
474, 295, 1157144075265;
471, 297, 1157144075281;
468, 299, 1157144075281;
465, 301, 1157144075297;
463, 304, 1157144075297;
462, 306, 1157144075297;
462, 309, 1157144075312;
462, 312, 1157144075312;
463, 315, 1157144075328;
464, 318, 1157144075328;
466, 321, 1157144075343;
468, 325, 1157144075343;
471, 328, 1157144075359;
473, 332, 1157144075359;
476, 335, 1157144075375;
479, 339, 1157144075375;
482, 342, 1157144075390;
485, 346, 1157144075390;
487, 349, 1157144075406;
489, 353, 1157144075406;
491, 356, 1157144075422;
492, 359, 1157144075422;
493, 362, 1157144075437;
494, 365, 1157144075437;
494, 367, 1157144075453;
493, 371, 1157144075484;
492, 373, 1157144075484;
490, 374, 1157144075515;
488, 375, 1157144075515;
485, 376, 1157144075515;
482, 376, 1157144075547;
478, 376, 1157144075547;
474, 376, 1157144075547;
470, 376, 1157144075578;
467, 376, 1157144075578;
453, 372, 1157144075593;
453, 372, 1157144075593;
