541, 313, 1157144092953;
523, 293, 1157144092953;
520, 292, 1157144092968;
516, 291, 1157144092968;
511, 290, 1157144092984;
507, 289, 1157144092984;
503, 289, 1157144093000;
498, 289, 1157144093000;
494, 290, 1157144093015;
490, 291, 1157144093015;
487, 292, 1157144093031;
484, 294, 1157144093031;
482, 295, 1157144093047;
481, 297, 1157144093047;
480, 300, 1157144093062;
479, 303, 1157144093062;
480, 306, 1157144093062;
481, 309, 1157144093078;
483, 312, 1157144093078;
485, 315, 1157144093093;
488, 318, 1157144093093;
491, 322, 1157144093109;
495, 326, 1157144093109;
499, 330, 1157144093125;
504, 334, 1157144093125;
508, 338, 1157144093140;
513, 343, 1157144093140;
517, 348, 1157144093156;
521, 352, 1157144093156;
525, 357, 1157144093172;
529, 362, 1157144093172;
532, 366, 1157144093187;
534, 371, 1157144093187;
536, 375, 1157144093203;
538, 378, 1157144093203;
539, 382, 1157144093218;
539, 385, 1157144093218;
539, 388, 1157144093234;
538, 391, 1157144093234;
536, 393, 1157144093250;
534, 394, 1157144093250;
531, 395, 1157144093265;
528, 396, 1157144093265;
524, 397, 1157144093281;
520, 397, 1157144093281;
516, 397, 1157144093297;
512, 397, 1157144093297;
507, 397, 1157144093312;
503, 397, 1157144093312;
499, 396, 1157144093328;
494, 396, 1157144093328;
490, 396, 1157144093343;
487, 396, 1157144093343;
483, 395, 1157144093359;
471, 394, 1157144093359;
471, 394, 1157144093359;
