521, 292, 1157144099812;
497, 295, 1157144099812;
493, 297, 1157144099828;
490, 299, 1157144099828;
486, 301, 1157144099843;
483, 303, 1157144099843;
480, 305, 1157144099859;
478, 308, 1157144099859;
476, 310, 1157144099875;
476, 311, 1157144099875;
475, 313, 1157144099890;
476, 315, 1157144099890;
477, 317, 1157144099906;
479, 319, 1157144099906;
482, 321, 1157144099922;
484, 324, 1157144099922;
488, 326, 1157144099937;
491, 329, 1157144099937;
495, 332, 1157144099953;
499, 336, 1157144099953;
503, 339, 1157144099968;
507, 343, 1157144099968;
511, 348, 1157144099984;
515, 352, 1157144099984;
518, 357, 1157144100000;
524, 367, 1157144100015;
526, 372, 1157144100015;
527, 377, 1157144100031;
528, 381, 1157144100031;
528, 385, 1157144100047;
528, 389, 1157144100047;
526, 392, 1157144100062;
524, 395, 1157144100062;
522, 397, 1157144100062;
518, 399, 1157144100078;
514, 400, 1157144100078;
510, 400, 1157144100093;
505, 400, 1157144100093;
500, 400, 1157144100109;
494, 399, 1157144100109;
489, 398, 1157144100125;
485, 398, 1157144100125;
481, 397, 1157144100140;
477, 396, 1157144100140;
474, 395, 1157144100156;
471, 394, 1157144100156;
461, 391, 1157144100172;
461, 391, 1157144100172;
