527, 290, 1157144111812;
523, 286, 1157144111812;
522, 285, 1157144111828;
516, 281, 1157144111828;
515, 281, 1157144111843;
514, 280, 1157144111843;
512, 280, 1157144111859;
509, 280, 1157144111859;
506, 280, 1157144111875;
502, 280, 1157144111875;
498, 281, 1157144111890;
494, 281, 1157144111890;
489, 282, 1157144111906;
485, 283, 1157144111906;
480, 285, 1157144111922;
475, 287, 1157144111922;
471, 288, 1157144111937;
467, 290, 1157144111937;
463, 292, 1157144111953;
460, 294, 1157144111953;
458, 296, 1157144111968;
456, 297, 1157144111968;
455, 299, 1157144111984;
454, 300, 1157144111984;
454, 302, 1157144112000;
454, 303, 1157144112000;
455, 305, 1157144112015;
456, 307, 1157144112015;
458, 308, 1157144112031;
460, 310, 1157144112031;
462, 312, 1157144112047;
465, 314, 1157144112047;
468, 316, 1157144112062;
471, 318, 1157144112062;
475, 320, 1157144112078;
478, 322, 1157144112078;
482, 325, 1157144112093;
486, 328, 1157144112093;
489, 331, 1157144112109;
492, 334, 1157144112109;
496, 337, 1157144112125;
499, 340, 1157144112125;
501, 343, 1157144112140;
504, 346, 1157144112140;
505, 349, 1157144112140;
507, 352, 1157144112156;
507, 355, 1157144112156;
507, 358, 1157144112172;
507, 360, 1157144112172;
506, 363, 1157144112187;
504, 366, 1157144112187;
502, 369, 1157144112203;
499, 371, 1157144112203;
496, 374, 1157144112218;
492, 376, 1157144112218;
488, 378, 1157144112234;
484, 380, 1157144112234;
479, 382, 1157144112250;
474, 384, 1157144112250;
469, 385, 1157144112265;
465, 386, 1157144112265;
460, 387, 1157144112281;
455, 388, 1157144112281;
451, 388, 1157144112297;
447, 389, 1157144112297;
443, 389, 1157144112312;
439, 389, 1157144112312;
427, 390, 1157144112328;
427, 390, 1157144112328;
