476, 279, 1157141660593;
476, 280, 1157141660609;
476, 283, 1157141660625;
476, 287, 1157141660625;
476, 294, 1157141660640;
476, 300, 1157141660656;
476, 308, 1157141660672;
476, 316, 1157141660687;
475, 322, 1157141660703;
475, 329, 1157141660718;
475, 336, 1157141660718;
473, 344, 1157141660734;
473, 352, 1157141660750;
473, 358, 1157141660765;
473, 361, 1157141660781;
473, 363, 1157141660797;
473, 364, 1157141660828;
473, 363, 1157141660953;
473, 362, 1157141660968;
473, 360, 1157141660984;
477, 355, 1157141661000;
482, 345, 1157141661000;
490, 332, 1157141661015;
500, 316, 1157141661031;
505, 308, 1157141661047;
507, 304, 1157141661062;
508, 303, 1157141661093;
507, 303, 1157141661140;
506, 304, 1157141661156;
504, 306, 1157141661172;
503, 308, 1157141661187;
500, 310, 1157141661187;
499, 313, 1157141661203;
497, 316, 1157141661218;
496, 319, 1157141661234;
494, 322, 1157141661250;
494, 325, 1157141661265;
494, 328, 1157141661281;
494, 331, 1157141661297;
494, 335, 1157141661297;
494, 338, 1157141661312;
497, 342, 1157141661328;
500, 347, 1157141661343;
502, 350, 1157141661359;
505, 353, 1157141661375;
507, 357, 1157141661390;
509, 358, 1157141661390;
509, 359, 1157141661406;
510, 360, 1157141661422;
510, 360, 1157141661484;
