451, 256, 1157141759422;
451, 257, 1157141759453;
451, 260, 1157141759468;
451, 264, 1157141759484;
451, 270, 1157141759500;
451, 274, 1157141759515;
451, 281, 1157141759515;
451, 287, 1157141759531;
451, 295, 1157141759547;
451, 306, 1157141759562;
451, 318, 1157141759578;
451, 327, 1157141759593;
451, 334, 1157141759609;
451, 337, 1157141759609;
451, 338, 1157141759625;
451, 339, 1157141759640;
451, 337, 1157141759703;
451, 336, 1157141759734;
451, 333, 1157141759750;
451, 331, 1157141759765;
453, 330, 1157141759781;
454, 327, 1157141759797;
458, 321, 1157141759797;
463, 314, 1157141759812;
467, 308, 1157141759828;
471, 304, 1157141759843;
474, 299, 1157141759859;
476, 297, 1157141759875;
477, 295, 1157141759890;
478, 295, 1157141759906;
475, 297, 1157141759984;
472, 300, 1157141759984;
465, 305, 1157141760000;
458, 310, 1157141760015;
454, 313, 1157141760031;
452, 315, 1157141760047;
451, 315, 1157141760078;
451, 316, 1157141760109;
451, 317, 1157141760156;
452, 319, 1157141760172;
454, 321, 1157141760187;
457, 325, 1157141760187;
460, 328, 1157141760203;
464, 332, 1157141760218;
468, 335, 1157141760234;
469, 339, 1157141760250;
471, 341, 1157141760265;
472, 342, 1157141760281;
472, 343, 1157141760281;
472, 343, 1157141760390;
