445, 296, 1157141774781;
445, 297, 1157141774828;
445, 299, 1157141774843;
445, 304, 1157141774859;
445, 313, 1157141774859;
445, 321, 1157141774875;
445, 331, 1157141774890;
445, 340, 1157141774906;
445, 348, 1157141774922;
445, 356, 1157141774937;
445, 364, 1157141774953;
445, 371, 1157141774953;
445, 375, 1157141774968;
445, 377, 1157141774984;
445, 378, 1157141775000;
445, 376, 1157141775078;
446, 373, 1157141775093;
448, 366, 1157141775109;
453, 356, 1157141775125;
458, 346, 1157141775140;
462, 339, 1157141775156;
466, 334, 1157141775156;
467, 333, 1157141775172;
468, 332, 1157141775187;
469, 332, 1157141775218;
468, 333, 1157141775265;
466, 335, 1157141775281;
464, 337, 1157141775297;
461, 340, 1157141775312;
459, 343, 1157141775328;
456, 345, 1157141775343;
456, 346, 1157141775343;
456, 347, 1157141775375;
456, 349, 1157141775406;
456, 352, 1157141775422;
456, 355, 1157141775422;
457, 360, 1157141775437;
460, 364, 1157141775453;
464, 370, 1157141775468;
468, 376, 1157141775484;
473, 380, 1157141775500;
476, 384, 1157141775515;
479, 385, 1157141775515;
481, 385, 1157141775531;
481, 385, 1157141775531;
