428, 351, 1157141783015;
428, 353, 1157141783140;
428, 355, 1157141783156;
428, 358, 1157141783156;
428, 363, 1157141783172;
428, 368, 1157141783187;
428, 375, 1157141783203;
428, 384, 1157141783218;
428, 395, 1157141783234;
426, 408, 1157141783250;
425, 418, 1157141783250;
424, 427, 1157141783265;
424, 433, 1157141783281;
424, 435, 1157141783297;
424, 436, 1157141783312;
424, 434, 1157141783359;
424, 432, 1157141783375;
427, 427, 1157141783390;
430, 420, 1157141783406;
433, 411, 1157141783422;
437, 404, 1157141783437;
440, 399, 1157141783437;
441, 398, 1157141783453;
443, 397, 1157141783468;
444, 397, 1157141783500;
443, 397, 1157141783562;
442, 397, 1157141783578;
440, 398, 1157141783593;
439, 399, 1157141783609;
437, 400, 1157141783625;
435, 401, 1157141783625;
434, 402, 1157141783640;
433, 403, 1157141783656;
431, 403, 1157141783672;
431, 404, 1157141783687;
431, 405, 1157141783718;
431, 406, 1157141783734;
431, 408, 1157141783750;
431, 412, 1157141783765;
433, 415, 1157141783781;
435, 420, 1157141783797;
437, 426, 1157141783812;
440, 430, 1157141783828;
441, 434, 1157141783828;
443, 438, 1157141783843;
445, 441, 1157141783859;
446, 444, 1157141783875;
448, 445, 1157141783890;
449, 446, 1157141783906;
449, 446, 1157141783937;
