451, 310, 1157141790484;
451, 312, 1157141790593;
451, 316, 1157141790593;
451, 321, 1157141790609;
451, 329, 1157141790625;
451, 337, 1157141790640;
451, 349, 1157141790656;
451, 361, 1157141790672;
451, 376, 1157141790687;
448, 391, 1157141790687;
448, 403, 1157141790703;
446, 413, 1157141790718;
446, 421, 1157141790734;
446, 424, 1157141790750;
445, 425, 1157141790765;
445, 420, 1157141790828;
445, 417, 1157141790843;
447, 408, 1157141790859;
456, 391, 1157141790875;
470, 369, 1157141790875;
481, 353, 1157141790890;
489, 345, 1157141790906;
491, 342, 1157141790922;
494, 341, 1157141790937;
495, 341, 1157141790953;
496, 341, 1157141790968;
497, 342, 1157141790984;
497, 343, 1157141790984;
497, 344, 1157141791000;
497, 346, 1157141791015;
495, 348, 1157141791031;
493, 349, 1157141791047;
490, 351, 1157141791062;
485, 353, 1157141791062;
481, 355, 1157141791078;
475, 358, 1157141791093;
470, 359, 1157141791109;
467, 362, 1157141791125;
465, 363, 1157141791140;
465, 364, 1157141791156;
463, 367, 1157141791172;
462, 371, 1157141791172;
462, 377, 1157141791187;
462, 383, 1157141791203;
462, 389, 1157141791218;
466, 395, 1157141791234;
471, 401, 1157141791250;
478, 407, 1157141791265;
484, 412, 1157141791265;
489, 416, 1157141791281;
493, 420, 1157141791297;
495, 422, 1157141791312;
496, 424, 1157141791328;
498, 426, 1157141791343;
499, 426, 1157141791359;
499, 426, 1157141791359;
