427, 205, 1157141799843;
427, 207, 1157141799968;
427, 214, 1157141799984;
427, 226, 1157141800000;
423, 260, 1157141800031;
422, 278, 1157141800031;
420, 295, 1157141800047;
419, 312, 1157141800062;
419, 325, 1157141800078;
419, 336, 1157141800093;
419, 343, 1157141800109;
419, 345, 1157141800125;
419, 343, 1157141800172;
419, 340, 1157141800187;
420, 333, 1157141800203;
425, 319, 1157141800218;
433, 301, 1157141800218;
439, 290, 1157141800234;
444, 283, 1157141800250;
447, 279, 1157141800265;
449, 277, 1157141800281;
450, 276, 1157141800297;
452, 276, 1157141800312;
449, 277, 1157141800406;
447, 278, 1157141800422;
443, 282, 1157141800422;
437, 287, 1157141800437;
430, 293, 1157141800453;
424, 300, 1157141800468;
421, 303, 1157141800484;
420, 305, 1157141800500;
420, 307, 1157141800515;
420, 308, 1157141800531;
421, 311, 1157141800547;
424, 315, 1157141800562;
427, 320, 1157141800578;
433, 326, 1157141800593;
436, 331, 1157141800609;
441, 336, 1157141800609;
447, 343, 1157141800625;
452, 351, 1157141800640;
457, 359, 1157141800656;
463, 365, 1157141800672;
467, 367, 1157141800687;
467, 367, 1157141800687;
