413, 299, 1157141805343;
414, 300, 1157141805375;
414, 303, 1157141805375;
414, 306, 1157141805390;
414, 309, 1157141805406;
414, 316, 1157141805422;
414, 325, 1157141805437;
411, 340, 1157141805453;
410, 357, 1157141805468;
409, 371, 1157141805484;
408, 380, 1157141805484;
408, 383, 1157141805500;
408, 384, 1157141805515;
408, 385, 1157141805531;
408, 383, 1157141805578;
408, 381, 1157141805593;
410, 376, 1157141805609;
416, 367, 1157141805625;
425, 354, 1157141805640;
436, 337, 1157141805656;
443, 329, 1157141805672;
445, 325, 1157141805672;
447, 325, 1157141805687;
447, 324, 1157141805703;
445, 325, 1157141805765;
443, 327, 1157141805765;
438, 331, 1157141805781;
432, 335, 1157141805797;
427, 339, 1157141805812;
424, 341, 1157141805828;
422, 343, 1157141805843;
422, 344, 1157141805859;
422, 345, 1157141805859;
422, 347, 1157141805875;
422, 350, 1157141805890;
422, 354, 1157141805906;
422, 358, 1157141805922;
425, 364, 1157141805937;
429, 371, 1157141805953;
435, 377, 1157141805953;
439, 383, 1157141805968;
441, 387, 1157141805984;
443, 389, 1157141806000;
443, 389, 1157141806015;
