474, 180, 1157141811578;
474, 182, 1157141811593;
474, 183, 1157141811609;
474, 187, 1157141811625;
474, 198, 1157141811640;
471, 213, 1157141811640;
465, 239, 1157141811656;
460, 268, 1157141811672;
457, 291, 1157141811687;
455, 307, 1157141811703;
455, 317, 1157141811718;
455, 321, 1157141811734;
455, 323, 1157141811734;
455, 324, 1157141811750;
455, 323, 1157141811828;
455, 322, 1157141811828;
455, 321, 1157141811843;
458, 315, 1157141811859;
465, 302, 1157141811875;
472, 289, 1157141811890;
480, 276, 1157141811906;
486, 266, 1157141811922;
489, 261, 1157141811922;
490, 260, 1157141811937;
491, 259, 1157141811953;
489, 259, 1157141812031;
486, 261, 1157141812062;
480, 266, 1157141812078;
474, 270, 1157141812093;
469, 275, 1157141812109;
465, 277, 1157141812109;
464, 278, 1157141812125;
464, 279, 1157141812156;
465, 279, 1157141812187;
468, 281, 1157141812203;
471, 284, 1157141812203;
475, 287, 1157141812218;
478, 292, 1157141812234;
482, 297, 1157141812250;
484, 301, 1157141812265;
487, 307, 1157141812281;
490, 312, 1157141812297;
492, 316, 1157141812312;
494, 318, 1157141812312;
494, 318, 1157141812328;
