475, 191, 1157141817578;
475, 194, 1157141817578;
475, 200, 1157141817593;
475, 208, 1157141817609;
475, 220, 1157141817625;
472, 233, 1157141817640;
470, 252, 1157141817656;
469, 269, 1157141817672;
467, 289, 1157141817672;
467, 306, 1157141817687;
467, 318, 1157141817703;
467, 326, 1157141817718;
467, 330, 1157141817734;
467, 331, 1157141817750;
467, 332, 1157141817765;
467, 329, 1157141817812;
467, 326, 1157141817828;
468, 317, 1157141817843;
473, 302, 1157141817859;
479, 289, 1157141817859;
485, 279, 1157141817875;
492, 272, 1157141817890;
497, 267, 1157141817906;
500, 264, 1157141817922;
502, 264, 1157141817937;
503, 264, 1157141817953;
503, 265, 1157141818047;
502, 265, 1157141818047;
499, 268, 1157141818062;
492, 272, 1157141818078;
485, 279, 1157141818093;
479, 288, 1157141818109;
474, 295, 1157141818125;
470, 300, 1157141818140;
469, 302, 1157141818140;
468, 303, 1157141818156;
468, 304, 1157141818187;
471, 306, 1157141818218;
473, 309, 1157141818234;
475, 311, 1157141818234;
479, 313, 1157141818250;
482, 317, 1157141818265;
484, 319, 1157141818281;
488, 322, 1157141818297;
490, 323, 1157141818312;
492, 324, 1157141818328;
492, 324, 1157141818343;
