492, 297, 1157691209562;
493, 296, 1157691209593;
494, 295, 1157691209609;
497, 292, 1157691209625;
501, 290, 1157691209640;
504, 286, 1157691209656;
510, 279, 1157691209656;
515, 269, 1157691209672;
518, 257, 1157691209687;
523, 243, 1157691209703;
528, 226, 1157691209718;
531, 214, 1157691209734;
532, 207, 1157691209750;
533, 201, 1157691209750;
533, 198, 1157691209765;
533, 196, 1157691209781;
533, 194, 1157691209812;
529, 202, 1157691209875;
528, 210, 1157691209890;
526, 221, 1157691209906;
522, 235, 1157691209922;
520, 253, 1157691209937;
517, 274, 1157691209937;
514, 294, 1157691209953;
513, 309, 1157691209968;
510, 320, 1157691209984;
508, 327, 1157691210000;
506, 333, 1157691210015;
503, 337, 1157691210031;
502, 340, 1157691210047;
498, 344, 1157691210047;
496, 346, 1157691210062;
493, 348, 1157691210078;
489, 349, 1157691210093;
488, 349, 1157691210109;
487, 349, 1157691210125;
484, 349, 1157691210125;
481, 346, 1157691210140;
481, 344, 1157691210156;
481, 340, 1157691210172;
481, 333, 1157691210187;
483, 326, 1157691210203;
485, 318, 1157691210218;
487, 311, 1157691210234;
490, 305, 1157691210234;
491, 302, 1157691210250;
495, 297, 1157691210265;
499, 293, 1157691210281;
505, 288, 1157691210297;
511, 284, 1157691210312;
514, 281, 1157691210328;
518, 279, 1157691210328;
520, 278, 1157691210343;
522, 277, 1157691210359;
524, 276, 1157691210375;
527, 275, 1157691210390;
531, 272, 1157691210406;
533, 271, 1157691210422;
536, 270, 1157691210422;
539, 268, 1157691210437;
541, 267, 1157691210453;
544, 266, 1157691210468;
547, 264, 1157691210484;
550, 263, 1157691210500;
552, 262, 1157691210515;
555, 261, 1157691210515;
556, 260, 1157691210531;
557, 260, 1157691210547;
558, 260, 1157691210578;
558, 259, 1157691210593;
556, 260, 1157691210687;
555, 262, 1157691210703;
553, 266, 1157691210703;
550, 272, 1157691210718;
546, 278, 1157691210734;
542, 287, 1157691210750;
538, 294, 1157691210765;
532, 303, 1157691210781;
529, 308, 1157691210797;
527, 313, 1157691210797;
524, 317, 1157691210812;
521, 320, 1157691210828;
519, 322, 1157691210843;
518, 323, 1157691210859;
515, 324, 1157691210875;
514, 324, 1157691210906;
513, 324, 1157691210906;
513, 323, 1157691210937;
513, 322, 1157691210953;
513, 321, 1157691210968;
513, 320, 1157691211000;
514, 320, 1157691211047;
514, 319, 1157691211062;
515, 319, 1157691211078;
518, 319, 1157691211093;
520, 319, 1157691211093;
522, 319, 1157691211125;
524, 321, 1157691211125;
527, 322, 1157691211140;
529, 324, 1157691211156;
531, 326, 1157691211172;
533, 328, 1157691211187;
535, 332, 1157691211187;
540, 336, 1157691211203;
546, 338, 1157691211218;
554, 343, 1157691211234;
563, 345, 1157691211250;
569, 345, 1157691211265;
578, 339, 1157691211281;
578, 339, 1157691211406;
