483, 385, 1157691224828;
484, 385, 1157691224859;
486, 384, 1157691224875;
489, 383, 1157691224890;
491, 382, 1157691224906;
495, 379, 1157691224922;
501, 373, 1157691224937;
515, 363, 1157691224953;
532, 349, 1157691224953;
543, 336, 1157691224968;
555, 322, 1157691224984;
565, 310, 1157691225000;
572, 299, 1157691225015;
581, 286, 1157691225031;
588, 273, 1157691225047;
592, 262, 1157691225047;
596, 254, 1157691225062;
597, 248, 1157691225078;
597, 243, 1157691225093;
597, 242, 1157691225109;
597, 241, 1157691225125;
596, 240, 1157691225140;
594, 240, 1157691225140;
593, 240, 1157691225156;
591, 240, 1157691225172;
587, 244, 1157691225187;
582, 251, 1157691225203;
576, 260, 1157691225218;
571, 268, 1157691225234;
567, 279, 1157691225234;
562, 289, 1157691225250;
559, 298, 1157691225265;
556, 306, 1157691225281;
552, 316, 1157691225297;
547, 326, 1157691225312;
543, 334, 1157691225328;
539, 343, 1157691225328;
535, 351, 1157691225343;
530, 358, 1157691225359;
527, 365, 1157691225375;
524, 371, 1157691225390;
523, 375, 1157691225406;
522, 376, 1157691225422;
522, 377, 1157691225422;
521, 378, 1157691225437;
519, 381, 1157691225515;
519, 382, 1157691225531;
519, 383, 1157691225531;
518, 384, 1157691225547;
517, 386, 1157691225562;
517, 385, 1157691225718;
517, 383, 1157691225718;
517, 380, 1157691225734;
519, 377, 1157691225750;
523, 369, 1157691225765;
528, 363, 1157691225781;
531, 359, 1157691225797;
535, 355, 1157691225812;
537, 353, 1157691225812;
540, 349, 1157691225828;
541, 347, 1157691225843;
543, 345, 1157691225859;
545, 345, 1157691225875;
546, 343, 1157691225890;
547, 343, 1157691225906;
550, 342, 1157691225906;
554, 340, 1157691225922;
557, 339, 1157691225937;
560, 339, 1157691225953;
562, 339, 1157691225968;
564, 338, 1157691225984;
565, 338, 1157691226000;
566, 338, 1157691226000;
567, 338, 1157691226015;
568, 338, 1157691226047;
569, 338, 1157691226078;
569, 339, 1157691226109;
569, 340, 1157691226125;
569, 341, 1157691226140;
569, 343, 1157691226156;
569, 345, 1157691226172;
567, 347, 1157691226187;
566, 349, 1157691226187;
564, 350, 1157691226203;
562, 353, 1157691226218;
558, 355, 1157691226234;
554, 357, 1157691226250;
551, 358, 1157691226265;
548, 359, 1157691226281;
547, 359, 1157691226281;
546, 359, 1157691226297;
545, 359, 1157691226312;
545, 358, 1157691226375;
544, 358, 1157691226390;
544, 357, 1157691226406;
544, 358, 1157691226578;
544, 359, 1157691226593;
544, 360, 1157691226609;
544, 361, 1157691226625;
544, 363, 1157691226640;
544, 364, 1157691226656;
544, 366, 1157691226672;
544, 368, 1157691226672;
544, 371, 1157691226687;
545, 372, 1157691226703;
546, 373, 1157691226718;
548, 375, 1157691226734;
551, 376, 1157691226750;
553, 377, 1157691226765;
555, 377, 1157691226765;
557, 377, 1157691226781;
560, 377, 1157691226797;
562, 377, 1157691226812;
565, 377, 1157691226828;
568, 375, 1157691226843;
574, 373, 1157691226859;
580, 369, 1157691226859;
585, 364, 1157691226875;
590, 357, 1157691226890;
594, 347, 1157691226906;
597, 341, 1157691226922;
599, 337, 1157691226937;
600, 335, 1157691226953;
600, 332, 1157691226953;
601, 330, 1157691226968;
602, 327, 1157691226984;
602, 325, 1157691227000;
602, 323, 1157691227015;
602, 322, 1157691227047;
602, 322, 1157691227140;
