479, 283, 1157141709750;
479, 285, 1157141709765;
479, 289, 1157141709781;
479, 294, 1157141709797;
479, 301, 1157141709812;
477, 310, 1157141709828;
476, 320, 1157141709843;
475, 329, 1157141709843;
474, 339, 1157141709859;
473, 348, 1157141709875;
472, 356, 1157141709890;
472, 367, 1157141709906;
470, 376, 1157141709922;
470, 383, 1157141709937;
470, 387, 1157141709937;
469, 388, 1157141709953;
469, 385, 1157141710015;
469, 384, 1157141710031;
469, 382, 1157141710031;
469, 379, 1157141710047;
471, 370, 1157141710062;
477, 358, 1157141710078;
487, 341, 1157141710093;
500, 324, 1157141710109;
509, 312, 1157141710125;
516, 305, 1157141710125;
519, 301, 1157141710140;
521, 300, 1157141710156;
521, 299, 1157141710172;
522, 299, 1157141710187;
522, 300, 1157141710250;
520, 302, 1157141710297;
515, 310, 1157141710312;
507, 319, 1157141710312;
501, 327, 1157141710328;
496, 333, 1157141710343;
492, 338, 1157141710359;
491, 339, 1157141710375;
490, 341, 1157141710390;
490, 342, 1157141710422;
490, 343, 1157141710422;
490, 345, 1157141710437;
492, 349, 1157141710453;
494, 352, 1157141710468;
498, 357, 1157141710484;
502, 360, 1157141710500;
506, 364, 1157141710515;
509, 369, 1157141710515;
511, 373, 1157141710531;
513, 377, 1157141710547;
514, 378, 1157141710562;
514, 379, 1157141710578;
514, 377, 1157141710625;
514, 377, 1157141710625;
