488, 350, 1157691235531;
489, 349, 1157691235593;
492, 347, 1157691235609;
495, 346, 1157691235625;
498, 344, 1157691235625;
501, 342, 1157691235640;
505, 338, 1157691235656;
510, 334, 1157691235672;
515, 329, 1157691235687;
521, 324, 1157691235703;
529, 316, 1157691235718;
537, 307, 1157691235718;
547, 294, 1157691235734;
556, 278, 1157691235750;
568, 259, 1157691235765;
581, 240, 1157691235781;
588, 232, 1157691235797;
591, 227, 1157691235812;
592, 226, 1157691235812;
592, 225, 1157691235828;
592, 224, 1157691235843;
592, 223, 1157691235859;
590, 223, 1157691235890;
587, 223, 1157691235906;
585, 223, 1157691235906;
584, 223, 1157691235937;
582, 227, 1157691236109;
580, 233, 1157691236125;
576, 239, 1157691236140;
573, 246, 1157691236156;
569, 255, 1157691236172;
564, 263, 1157691236187;
560, 270, 1157691236203;
557, 277, 1157691236203;
553, 287, 1157691236218;
550, 296, 1157691236234;
545, 304, 1157691236250;
542, 311, 1157691236265;
539, 318, 1157691236281;
536, 324, 1157691236297;
535, 329, 1157691236297;
534, 331, 1157691236312;
533, 332, 1157691236328;
532, 332, 1157691236359;
533, 331, 1157691236515;
534, 330, 1157691236531;
536, 326, 1157691236547;
540, 322, 1157691236562;
546, 315, 1157691236578;
552, 308, 1157691236578;
558, 301, 1157691236593;
563, 294, 1157691236609;
566, 290, 1157691236625;
569, 287, 1157691236640;
571, 285, 1157691236656;
572, 284, 1157691236672;
573, 283, 1157691236672;
573, 282, 1157691236687;
575, 282, 1157691236703;
576, 282, 1157691236718;
577, 283, 1157691236734;
578, 283, 1157691236750;
579, 285, 1157691236765;
579, 286, 1157691236765;
580, 287, 1157691236781;
581, 289, 1157691236797;
581, 290, 1157691236812;
581, 291, 1157691236828;
581, 293, 1157691236843;
581, 295, 1157691236859;
579, 297, 1157691236875;
578, 298, 1157691236875;
575, 300, 1157691236890;
574, 301, 1157691236906;
572, 301, 1157691236922;
570, 301, 1157691236937;
569, 301, 1157691236953;
568, 301, 1157691236968;
568, 302, 1157691237156;
567, 302, 1157691237172;
567, 303, 1157691237187;
566, 306, 1157691237203;
566, 308, 1157691237218;
566, 309, 1157691237234;
566, 312, 1157691237250;
566, 315, 1157691237250;
566, 317, 1157691237265;
567, 320, 1157691237281;
569, 324, 1157691237297;
570, 326, 1157691237312;
572, 327, 1157691237328;
577, 329, 1157691237343;
581, 329, 1157691237343;
587, 329, 1157691237359;
593, 327, 1157691237375;
598, 322, 1157691237390;
604, 315, 1157691237406;
611, 308, 1157691237422;
619, 300, 1157691237437;
626, 295, 1157691237437;
631, 290, 1157691237453;
633, 288, 1157691237468;
635, 287, 1157691237484;
637, 284, 1157691237500;
637, 284, 1157691237500;
