481, 290, 1157141716015;
481, 292, 1157141716140;
480, 298, 1157141716156;
479, 307, 1157141716172;
477, 318, 1157141716187;
475, 330, 1157141716203;
474, 341, 1157141716218;
473, 352, 1157141716218;
472, 364, 1157141716234;
471, 373, 1157141716250;
471, 380, 1157141716265;
471, 382, 1157141716281;
470, 382, 1157141716297;
470, 381, 1157141716343;
470, 380, 1157141716359;
470, 378, 1157141716375;
471, 374, 1157141716390;
474, 367, 1157141716406;
482, 358, 1157141716406;
491, 347, 1157141716422;
500, 338, 1157141716437;
505, 333, 1157141716453;
508, 331, 1157141716468;
509, 331, 1157141716484;
510, 331, 1157141716500;
511, 331, 1157141716500;
511, 332, 1157141716593;
510, 332, 1157141716609;
508, 333, 1157141716625;
505, 334, 1157141716640;
501, 336, 1157141716656;
498, 339, 1157141716672;
495, 342, 1157141716687;
494, 345, 1157141716687;
493, 348, 1157141716703;
493, 351, 1157141716718;
493, 353, 1157141716734;
493, 355, 1157141716750;
494, 357, 1157141716765;
498, 362, 1157141716781;
501, 365, 1157141716781;
504, 369, 1157141716797;
507, 372, 1157141716812;
509, 374, 1157141716828;
510, 377, 1157141716843;
512, 379, 1157141716859;
513, 381, 1157141716875;
514, 383, 1157141716875;
515, 385, 1157141716890;
515, 385, 1157141716937;
