443, 284, 1157141721187;
443, 285, 1157141721234;
443, 287, 1157141721250;
443, 289, 1157141721265;
443, 292, 1157141721281;
443, 297, 1157141721281;
443, 304, 1157141721297;
443, 313, 1157141721312;
443, 322, 1157141721328;
443, 333, 1157141721343;
443, 344, 1157141721359;
443, 354, 1157141721359;
443, 361, 1157141721375;
443, 364, 1157141721390;
443, 365, 1157141721406;
443, 366, 1157141721422;
443, 362, 1157141721484;
443, 359, 1157141721500;
443, 356, 1157141721515;
443, 353, 1157141721531;
443, 350, 1157141721547;
445, 347, 1157141721562;
449, 340, 1157141721562;
454, 332, 1157141721578;
460, 327, 1157141721593;
464, 324, 1157141721609;
466, 322, 1157141721625;
468, 322, 1157141721640;
470, 322, 1157141721656;
471, 321, 1157141721656;
472, 321, 1157141721672;
470, 321, 1157141721750;
468, 321, 1157141721765;
466, 322, 1157141721781;
464, 323, 1157141721797;
462, 326, 1157141721812;
457, 330, 1157141721828;
452, 336, 1157141721843;
446, 344, 1157141721843;
443, 350, 1157141721859;
442, 352, 1157141721875;
440, 354, 1157141721890;
440, 356, 1157141722000;
442, 358, 1157141722015;
444, 360, 1157141722031;
447, 364, 1157141722031;
450, 367, 1157141722047;
452, 370, 1157141722062;
455, 372, 1157141722078;
457, 373, 1157141722093;
458, 375, 1157141722109;
459, 376, 1157141722125;
460, 376, 1157141722125;
460, 377, 1157141722140;
458, 375, 1157141722234;
458, 375, 1157141722234;
