454, 282, 1157141727515;
454, 284, 1157141727562;
455, 287, 1157141727578;
455, 291, 1157141727593;
455, 298, 1157141727609;
455, 306, 1157141727625;
455, 316, 1157141727625;
455, 329, 1157141727640;
455, 343, 1157141727656;
455, 360, 1157141727672;
455, 373, 1157141727687;
455, 381, 1157141727703;
455, 383, 1157141727718;
455, 384, 1157141727734;
455, 380, 1157141727781;
455, 377, 1157141727797;
455, 373, 1157141727812;
457, 365, 1157141727828;
459, 358, 1157141727828;
461, 350, 1157141727843;
465, 341, 1157141727859;
472, 330, 1157141727875;
478, 323, 1157141727890;
482, 319, 1157141727906;
483, 318, 1157141727922;
484, 318, 1157141727922;
483, 319, 1157141728062;
482, 320, 1157141728078;
480, 323, 1157141728093;
475, 329, 1157141728109;
470, 337, 1157141728109;
466, 343, 1157141728125;
460, 351, 1157141728140;
457, 354, 1157141728156;
455, 356, 1157141728172;
455, 357, 1157141728203;
456, 358, 1157141728234;
457, 359, 1157141728250;
459, 360, 1157141728265;
461, 364, 1157141728281;
464, 367, 1157141728297;
467, 371, 1157141728297;
471, 376, 1157141728312;
474, 379, 1157141728328;
476, 381, 1157141728343;
478, 382, 1157141728359;
479, 382, 1157141728375;
479, 382, 1157141728422;
