451, 259, 1157141733828;
451, 261, 1157141733859;
450, 266, 1157141733875;
450, 270, 1157141733890;
450, 277, 1157141733906;
450, 285, 1157141733922;
450, 293, 1157141733922;
450, 301, 1157141733937;
450, 311, 1157141733953;
448, 319, 1157141733968;
448, 327, 1157141733984;
448, 333, 1157141734000;
448, 339, 1157141734015;
448, 342, 1157141734015;
448, 343, 1157141734031;
448, 340, 1157141734093;
448, 339, 1157141734109;
448, 337, 1157141734109;
448, 334, 1157141734125;
449, 327, 1157141734140;
455, 315, 1157141734156;
462, 303, 1157141734172;
471, 291, 1157141734187;
479, 283, 1157141734203;
482, 280, 1157141734203;
484, 279, 1157141734218;
481, 281, 1157141734297;
479, 283, 1157141734297;
475, 285, 1157141734312;
470, 289, 1157141734328;
466, 293, 1157141734343;
463, 297, 1157141734359;
459, 299, 1157141734375;
456, 303, 1157141734390;
452, 305, 1157141734390;
451, 307, 1157141734406;
450, 307, 1157141734422;
450, 308, 1157141734437;
450, 309, 1157141734468;
450, 310, 1157141734484;
452, 313, 1157141734484;
453, 316, 1157141734500;
455, 320, 1157141734515;
458, 325, 1157141734531;
462, 331, 1157141734547;
466, 335, 1157141734562;
469, 339, 1157141734578;
471, 340, 1157141734593;
471, 341, 1157141734593;
472, 342, 1157141734609;
471, 341, 1157141734687;
471, 341, 1157141734687;
