446, 289, 1157141740812;
446, 290, 1157141740875;
446, 293, 1157141740890;
446, 297, 1157141740906;
446, 303, 1157141740906;
446, 311, 1157141740922;
446, 320, 1157141740937;
444, 332, 1157141740953;
444, 344, 1157141740968;
444, 357, 1157141740984;
442, 368, 1157141741000;
442, 376, 1157141741000;
442, 380, 1157141741015;
442, 382, 1157141741031;
442, 383, 1157141741047;
442, 384, 1157141741062;
442, 382, 1157141741109;
442, 381, 1157141741125;
442, 379, 1157141741140;
444, 374, 1157141741156;
446, 367, 1157141741172;
451, 360, 1157141741187;
456, 355, 1157141741187;
460, 351, 1157141741203;
462, 349, 1157141741218;
464, 348, 1157141741234;
465, 348, 1157141741250;
466, 348, 1157141741265;
467, 346, 1157141741281;
468, 346, 1157141741297;
469, 346, 1157141741312;
469, 345, 1157141741328;
470, 344, 1157141741343;
466, 345, 1157141741437;
462, 348, 1157141741453;
458, 351, 1157141741468;
456, 353, 1157141741468;
455, 354, 1157141741484;
453, 355, 1157141741500;
451, 356, 1157141741515;
450, 356, 1157141741547;
449, 356, 1157141741562;
449, 357, 1157141741609;
449, 358, 1157141741656;
450, 361, 1157141741672;
456, 369, 1157141741718;
460, 371, 1157141741718;
463, 375, 1157141741734;
466, 378, 1157141741750;
467, 381, 1157141741765;
469, 383, 1157141741765;
470, 384, 1157141741781;
470, 386, 1157141741797;
471, 387, 1157141741812;
472, 388, 1157141741828;
472, 388, 1157141741906;
