453, 284, 1157141746187;
453, 286, 1157141746234;
453, 289, 1157141746250;
453, 292, 1157141746250;
453, 297, 1157141746265;
453, 304, 1157141746281;
453, 311, 1157141746297;
453, 319, 1157141746312;
454, 330, 1157141746328;
455, 342, 1157141746343;
456, 351, 1157141746343;
457, 358, 1157141746359;
457, 360, 1157141746375;
457, 361, 1157141746390;
457, 360, 1157141746484;
457, 359, 1157141746500;
457, 356, 1157141746515;
459, 349, 1157141746531;
463, 341, 1157141746531;
468, 332, 1157141746547;
472, 322, 1157141746562;
476, 315, 1157141746578;
479, 312, 1157141746593;
480, 312, 1157141746609;
481, 312, 1157141746656;
481, 313, 1157141746672;
481, 314, 1157141746703;
480, 315, 1157141746718;
478, 317, 1157141746718;
476, 321, 1157141746734;
472, 325, 1157141746765;
467, 330, 1157141746765;
465, 333, 1157141746781;
463, 334, 1157141746797;
462, 335, 1157141746812;
464, 338, 1157141746859;
465, 340, 1157141746875;
467, 343, 1157141746890;
468, 345, 1157141746906;
470, 348, 1157141746906;
471, 351, 1157141746922;
474, 354, 1157141746937;
475, 356, 1157141746953;
477, 358, 1157141746968;
477, 360, 1157141746984;
478, 360, 1157141747000;
478, 361, 1157141747015;
479, 362, 1157141747031;
479, 362, 1157141747062;
