503, 260, 1157141752890;
503, 262, 1157141752922;
503, 265, 1157141752937;
503, 269, 1157141752937;
503, 276, 1157141752953;
503, 287, 1157141752968;
501, 300, 1157141752984;
500, 313, 1157141753000;
499, 327, 1157141753015;
499, 339, 1157141753031;
497, 348, 1157141753047;
497, 353, 1157141753047;
496, 356, 1157141753062;
496, 357, 1157141753078;
496, 355, 1157141753156;
497, 353, 1157141753187;
498, 349, 1157141753203;
500, 343, 1157141753218;
503, 336, 1157141753234;
508, 328, 1157141753234;
512, 317, 1157141753250;
517, 309, 1157141753265;
520, 307, 1157141753281;
522, 306, 1157141753297;
524, 304, 1157141753312;
525, 303, 1157141753328;
528, 303, 1157141753328;
526, 304, 1157141753406;
523, 306, 1157141753422;
519, 309, 1157141753422;
512, 314, 1157141753437;
508, 318, 1157141753453;
505, 319, 1157141753468;
504, 321, 1157141753484;
504, 324, 1157141753547;
504, 328, 1157141753562;
506, 331, 1157141753578;
509, 337, 1157141753593;
511, 342, 1157141753609;
514, 346, 1157141753625;
517, 351, 1157141753625;
520, 356, 1157141753640;
524, 361, 1157141753656;
526, 363, 1157141753672;
527, 364, 1157141753687;
524, 359, 1157141753765;
524, 359, 1157141753765;
