417, 315, 1157142078781;
418, 315, 1157142078812;
419, 316, 1157142078843;
420, 319, 1157142078859;
421, 322, 1157142078859;
422, 325, 1157142078875;
423, 329, 1157142078890;
424, 333, 1157142078906;
425, 339, 1157142078922;
425, 343, 1157142078937;
426, 348, 1157142078953;
426, 351, 1157142078953;
426, 352, 1157142078984;
426, 350, 1157142079031;
426, 347, 1157142079047;
425, 344, 1157142079062;
425, 340, 1157142079062;
424, 337, 1157142079078;
424, 334, 1157142079093;
424, 332, 1157142079109;
424, 331, 1157142079125;
424, 329, 1157142079140;
426, 325, 1157142079140;
427, 323, 1157142079156;
428, 322, 1157142079172;
429, 322, 1157142079187;
429, 321, 1157142079203;
430, 320, 1157142079218;
431, 319, 1157142079234;
433, 318, 1157142079250;
435, 318, 1157142079250;
437, 318, 1157142079265;
439, 318, 1157142079281;
443, 319, 1157142079297;
446, 321, 1157142079312;
447, 323, 1157142079328;
450, 324, 1157142079343;
451, 327, 1157142079343;
452, 328, 1157142079359;
453, 330, 1157142079375;
453, 332, 1157142079390;
454, 335, 1157142079406;
454, 338, 1157142079422;
454, 341, 1157142079437;
454, 344, 1157142079437;
454, 347, 1157142079453;
454, 349, 1157142079468;
454, 351, 1157142079484;
454, 352, 1157142079500;
454, 352, 1157142079547;
