407, 314, 1157142151515;
407, 313, 1157142151531;
407, 314, 1157142151593;
407, 316, 1157142151625;
407, 319, 1157142151625;
408, 322, 1157142151640;
409, 327, 1157142151656;
409, 331, 1157142151672;
409, 335, 1157142151687;
409, 338, 1157142151703;
409, 342, 1157142151703;
409, 345, 1157142151718;
409, 347, 1157142151734;
409, 349, 1157142151750;
409, 350, 1157142151797;
409, 348, 1157142151828;
409, 345, 1157142151843;
409, 344, 1157142151859;
409, 341, 1157142151875;
409, 338, 1157142151890;
409, 334, 1157142151906;
409, 329, 1157142151906;
412, 323, 1157142151922;
414, 317, 1157142151937;
417, 310, 1157142151953;
420, 305, 1157142151968;
428, 297, 1157142152000;
429, 297, 1157142152015;
430, 297, 1157142152031;
432, 298, 1157142152047;
433, 299, 1157142152062;
435, 302, 1157142152078;
436, 305, 1157142152093;
439, 308, 1157142152093;
441, 314, 1157142152109;
443, 322, 1157142152125;
444, 332, 1157142152140;
445, 340, 1157142152156;
446, 347, 1157142152172;
447, 352, 1157142152187;
447, 355, 1157142152187;
447, 357, 1157142152203;
447, 355, 1157142152281;
447, 355, 1157142152281;
