412, 287, 1157142162125;
416, 310, 1157142162140;
417, 314, 1157142162140;
417, 318, 1157142162156;
418, 323, 1157142162156;
418, 327, 1157142162172;
418, 331, 1157142162172;
419, 334, 1157142162187;
419, 337, 1157142162187;
419, 339, 1157142162203;
419, 340, 1157142162203;
419, 341, 1157142162218;
419, 340, 1157142162234;
419, 339, 1157142162234;
419, 337, 1157142162250;
419, 334, 1157142162250;
419, 331, 1157142162250;
419, 328, 1157142162265;
419, 323, 1157142162265;
419, 318, 1157142162281;
420, 313, 1157142162281;
421, 308, 1157142162297;
422, 303, 1157142162297;
424, 298, 1157142162312;
425, 294, 1157142162312;
427, 289, 1157142162328;
429, 285, 1157142162328;
432, 282, 1157142162343;
434, 280, 1157142162343;
436, 279, 1157142162359;
438, 279, 1157142162359;
440, 279, 1157142162375;
442, 281, 1157142162375;
444, 283, 1157142162390;
445, 285, 1157142162390;
447, 288, 1157142162406;
448, 292, 1157142162406;
449, 296, 1157142162422;
450, 301, 1157142162422;
451, 305, 1157142162437;
452, 310, 1157142162437;
452, 315, 1157142162453;
452, 319, 1157142162453;
453, 324, 1157142162468;
453, 328, 1157142162468;
453, 332, 1157142162484;
454, 335, 1157142162484;
454, 337, 1157142162500;
454, 339, 1157142162500;
456, 345, 1157142162515;
456, 345, 1157142162515;
