426, 279, 1157142171609;
426, 302, 1157142171609;
426, 306, 1157142171625;
427, 311, 1157142171625;
427, 316, 1157142171640;
427, 321, 1157142171640;
427, 327, 1157142171656;
427, 332, 1157142171656;
427, 336, 1157142171672;
427, 340, 1157142171672;
427, 343, 1157142171687;
427, 345, 1157142171687;
427, 347, 1157142171703;
427, 348, 1157142171703;
428, 348, 1157142171718;
428, 347, 1157142171718;
428, 345, 1157142171734;
427, 342, 1157142171734;
427, 338, 1157142171750;
427, 334, 1157142171750;
427, 329, 1157142171765;
427, 324, 1157142171765;
427, 318, 1157142171781;
428, 312, 1157142171781;
429, 307, 1157142171797;
430, 303, 1157142171797;
432, 298, 1157142171812;
434, 294, 1157142171812;
436, 290, 1157142171828;
438, 286, 1157142171828;
441, 284, 1157142171843;
443, 282, 1157142171843;
445, 281, 1157142171859;
447, 281, 1157142171859;
449, 282, 1157142171875;
451, 284, 1157142171875;
452, 287, 1157142171890;
454, 290, 1157142171890;
455, 295, 1157142171906;
456, 300, 1157142171906;
457, 305, 1157142171922;
458, 311, 1157142171922;
459, 317, 1157142171937;
460, 322, 1157142171937;
461, 328, 1157142171953;
462, 332, 1157142171953;
463, 337, 1157142171968;
464, 340, 1157142171968;
465, 344, 1157142171984;
466, 346, 1157142171984;
466, 348, 1157142172000;
469, 355, 1157142172000;
469, 355, 1157142172000;
