435, 286, 1157142178875;
435, 309, 1157142178890;
435, 312, 1157142178890;
435, 315, 1157142178906;
435, 319, 1157142178906;
434, 324, 1157142178922;
434, 328, 1157142178922;
434, 332, 1157142178937;
434, 336, 1157142178937;
433, 340, 1157142178953;
433, 344, 1157142178953;
433, 347, 1157142178968;
432, 350, 1157142178968;
432, 352, 1157142178984;
432, 354, 1157142178984;
432, 356, 1157142179000;
432, 357, 1157142179000;
432, 358, 1157142179015;
432, 357, 1157142179031;
432, 356, 1157142179031;
432, 354, 1157142179047;
432, 351, 1157142179047;
432, 348, 1157142179062;
432, 343, 1157142179062;
432, 339, 1157142179078;
433, 333, 1157142179078;
434, 328, 1157142179093;
436, 321, 1157142179093;
437, 315, 1157142179109;
440, 310, 1157142179109;
442, 304, 1157142179109;
444, 300, 1157142179125;
446, 296, 1157142179125;
449, 292, 1157142179140;
451, 289, 1157142179140;
454, 287, 1157142179156;
456, 286, 1157142179156;
458, 285, 1157142179172;
459, 286, 1157142179172;
461, 288, 1157142179187;
462, 291, 1157142179187;
463, 294, 1157142179203;
464, 299, 1157142179203;
464, 304, 1157142179218;
465, 309, 1157142179218;
465, 315, 1157142179234;
465, 320, 1157142179234;
465, 326, 1157142179250;
465, 332, 1157142179250;
465, 337, 1157142179265;
465, 342, 1157142179265;
465, 346, 1157142179281;
465, 350, 1157142179281;
465, 353, 1157142179297;
466, 355, 1157142179297;
466, 358, 1157142179312;
467, 364, 1157142179312;
467, 364, 1157142179312;
