431, 313, 1157142191031;
432, 341, 1157142191047;
433, 347, 1157142191047;
433, 352, 1157142191062;
433, 358, 1157142191062;
434, 363, 1157142191078;
434, 368, 1157142191078;
435, 373, 1157142191093;
435, 377, 1157142191093;
436, 381, 1157142191109;
436, 384, 1157142191109;
437, 386, 1157142191125;
437, 388, 1157142191125;
437, 389, 1157142191140;
437, 390, 1157142191140;
437, 389, 1157142191156;
436, 387, 1157142191172;
436, 385, 1157142191172;
435, 383, 1157142191187;
435, 379, 1157142191187;
434, 375, 1157142191203;
433, 370, 1157142191203;
433, 366, 1157142191218;
433, 361, 1157142191218;
433, 356, 1157142191234;
434, 350, 1157142191234;
435, 345, 1157142191234;
436, 339, 1157142191250;
438, 334, 1157142191250;
440, 330, 1157142191265;
442, 326, 1157142191265;
444, 322, 1157142191281;
446, 319, 1157142191281;
448, 317, 1157142191297;
450, 316, 1157142191297;
453, 316, 1157142191312;
455, 316, 1157142191312;
457, 318, 1157142191328;
459, 321, 1157142191328;
461, 325, 1157142191343;
462, 330, 1157142191343;
463, 335, 1157142191359;
464, 340, 1157142191359;
465, 346, 1157142191375;
466, 352, 1157142191375;
467, 358, 1157142191390;
467, 363, 1157142191390;
468, 368, 1157142191406;
469, 373, 1157142191406;
470, 377, 1157142191422;
471, 381, 1157142191422;
471, 384, 1157142191437;
472, 387, 1157142191437;
473, 389, 1157142191453;
476, 396, 1157142191453;
476, 396, 1157142191453;
