430, 300, 1157142197015;
431, 327, 1157142197015;
432, 332, 1157142197031;
432, 338, 1157142197031;
432, 345, 1157142197047;
432, 351, 1157142197047;
433, 357, 1157142197062;
433, 362, 1157142197062;
433, 367, 1157142197078;
434, 371, 1157142197078;
434, 375, 1157142197093;
434, 378, 1157142197093;
434, 381, 1157142197109;
435, 383, 1157142197109;
435, 384, 1157142197125;
435, 385, 1157142197125;
435, 384, 1157142197140;
434, 382, 1157142197156;
434, 380, 1157142197156;
434, 377, 1157142197172;
433, 373, 1157142197172;
433, 369, 1157142197187;
433, 364, 1157142197187;
433, 359, 1157142197203;
433, 353, 1157142197203;
433, 346, 1157142197203;
434, 340, 1157142197218;
436, 333, 1157142197218;
437, 327, 1157142197234;
439, 321, 1157142197234;
441, 315, 1157142197250;
443, 310, 1157142197250;
445, 306, 1157142197265;
447, 303, 1157142197265;
449, 301, 1157142197281;
450, 300, 1157142197281;
452, 300, 1157142197297;
453, 301, 1157142197297;
455, 304, 1157142197312;
457, 307, 1157142197312;
458, 312, 1157142197328;
459, 317, 1157142197328;
461, 324, 1157142197343;
462, 332, 1157142197343;
463, 339, 1157142197359;
464, 346, 1157142197359;
465, 352, 1157142197375;
466, 359, 1157142197375;
467, 364, 1157142197390;
468, 370, 1157142197390;
469, 375, 1157142197406;
470, 379, 1157142197406;
471, 383, 1157142197422;
472, 385, 1157142197422;
475, 395, 1157142197437;
475, 395, 1157142197437;
