425, 286, 1157142205203;
427, 314, 1157142205203;
427, 319, 1157142205218;
427, 323, 1157142205218;
427, 329, 1157142205234;
427, 334, 1157142205234;
426, 340, 1157142205250;
426, 345, 1157142205250;
426, 351, 1157142205265;
425, 357, 1157142205265;
425, 362, 1157142205281;
425, 367, 1157142205281;
425, 372, 1157142205297;
425, 376, 1157142205297;
425, 379, 1157142205312;
425, 381, 1157142205312;
425, 383, 1157142205328;
425, 384, 1157142205328;
425, 385, 1157142205343;
424, 384, 1157142205359;
424, 383, 1157142205359;
424, 380, 1157142205375;
423, 377, 1157142205375;
423, 373, 1157142205390;
423, 369, 1157142205390;
423, 364, 1157142205406;
423, 359, 1157142205406;
423, 354, 1157142205422;
424, 349, 1157142205422;
424, 343, 1157142205422;
425, 338, 1157142205437;
425, 333, 1157142205437;
426, 329, 1157142205453;
426, 324, 1157142205453;
427, 318, 1157142205468;
428, 313, 1157142205468;
430, 309, 1157142205484;
432, 304, 1157142205484;
434, 300, 1157142205500;
436, 297, 1157142205500;
438, 294, 1157142205515;
440, 293, 1157142205515;
442, 292, 1157142205531;
444, 292, 1157142205531;
447, 293, 1157142205547;
449, 296, 1157142205547;
451, 299, 1157142205562;
454, 303, 1157142205562;
456, 308, 1157142205578;
458, 314, 1157142205578;
460, 320, 1157142205593;
462, 326, 1157142205593;
464, 333, 1157142205609;
465, 340, 1157142205609;
467, 346, 1157142205625;
469, 352, 1157142205625;
470, 357, 1157142205640;
471, 362, 1157142205640;
473, 366, 1157142205656;
474, 370, 1157142205656;
474, 373, 1157142205672;
475, 375, 1157142205672;
475, 376, 1157142205687;
477, 380, 1157142205687;
477, 380, 1157142205687;
