419, 305, 1157142212984;
423, 329, 1157142213000;
423, 334, 1157142213000;
423, 338, 1157142213015;
424, 343, 1157142213015;
424, 348, 1157142213031;
424, 353, 1157142213031;
424, 358, 1157142213047;
424, 363, 1157142213047;
425, 367, 1157142213062;
425, 371, 1157142213062;
425, 375, 1157142213078;
425, 378, 1157142213078;
426, 380, 1157142213093;
426, 383, 1157142213093;
426, 384, 1157142213109;
426, 385, 1157142213109;
426, 383, 1157142213140;
426, 381, 1157142213140;
426, 378, 1157142213156;
426, 373, 1157142213156;
426, 368, 1157142213172;
426, 363, 1157142213172;
427, 357, 1157142213187;
428, 349, 1157142213187;
430, 342, 1157142213203;
432, 335, 1157142213203;
434, 329, 1157142213218;
436, 322, 1157142213218;
439, 316, 1157142213234;
441, 311, 1157142213234;
443, 307, 1157142213250;
446, 305, 1157142213250;
448, 303, 1157142213265;
450, 303, 1157142213265;
452, 304, 1157142213281;
455, 307, 1157142213281;
457, 310, 1157142213281;
459, 315, 1157142213297;
460, 320, 1157142213297;
461, 327, 1157142213312;
463, 333, 1157142213312;
463, 340, 1157142213328;
464, 347, 1157142213328;
465, 353, 1157142213343;
466, 359, 1157142213343;
467, 364, 1157142213359;
468, 369, 1157142213359;
468, 374, 1157142213375;
472, 388, 1157142213375;
472, 388, 1157142213375;
