509, 490, 1157691322484;
509, 484, 1157691322625;
509, 479, 1157691322640;
509, 474, 1157691322656;
509, 466, 1157691322656;
509, 458, 1157691322672;
509, 451, 1157691322687;
509, 444, 1157691322703;
510, 439, 1157691322718;
511, 433, 1157691322734;
512, 431, 1157691322750;
513, 430, 1157691322765;
514, 427, 1157691322765;
515, 426, 1157691322781;
517, 424, 1157691322797;
520, 423, 1157691322812;
522, 423, 1157691322828;
526, 423, 1157691322843;
530, 424, 1157691322859;
532, 426, 1157691322859;
535, 428, 1157691322875;
537, 430, 1157691322890;
539, 433, 1157691322906;
541, 436, 1157691322922;
543, 440, 1157691322937;
544, 444, 1157691322953;
546, 450, 1157691322953;
547, 455, 1157691322968;
548, 461, 1157691322984;
549, 465, 1157691323000;
550, 469, 1157691323015;
552, 474, 1157691323031;
552, 477, 1157691323047;
553, 479, 1157691323047;
553, 479, 1157691323047;
