503, 357, 1157691338031;
502, 356, 1157691338047;
501, 355, 1157691338078;
501, 356, 1157691338125;
501, 357, 1157691338140;
501, 358, 1157691338156;
502, 361, 1157691338172;
503, 364, 1157691338187;
503, 368, 1157691338203;
503, 372, 1157691338218;
503, 376, 1157691338234;
503, 381, 1157691338234;
503, 385, 1157691338250;
503, 389, 1157691338265;
503, 394, 1157691338281;
503, 397, 1157691338297;
503, 400, 1157691338312;
503, 403, 1157691338328;
503, 405, 1157691338328;
503, 401, 1157691338422;
503, 398, 1157691338437;
502, 394, 1157691338453;
502, 390, 1157691338468;
502, 386, 1157691338484;
502, 380, 1157691338500;
502, 373, 1157691338515;
504, 366, 1157691338515;
506, 361, 1157691338531;
509, 355, 1157691338547;
510, 352, 1157691338562;
511, 350, 1157691338578;
512, 348, 1157691338609;
513, 348, 1157691338609;
515, 347, 1157691338625;
516, 346, 1157691338640;
517, 346, 1157691338656;
518, 345, 1157691338672;
519, 345, 1157691338703;
520, 345, 1157691338703;
521, 345, 1157691338718;
522, 345, 1157691338750;
523, 346, 1157691338765;
524, 348, 1157691338781;
524, 349, 1157691338797;
524, 351, 1157691338797;
525, 353, 1157691338812;
525, 356, 1157691338828;
525, 359, 1157691338843;
525, 361, 1157691338859;
525, 363, 1157691338875;
525, 365, 1157691338890;
525, 366, 1157691338890;
525, 368, 1157691338906;
525, 369, 1157691338922;
525, 370, 1157691338937;
525, 372, 1157691338953;
525, 374, 1157691338968;
525, 376, 1157691338984;
525, 377, 1157691339000;
525, 379, 1157691339000;
526, 380, 1157691339015;
527, 381, 1157691339031;
528, 383, 1157691339047;
530, 384, 1157691339062;
532, 385, 1157691339078;
534, 386, 1157691339093;
536, 386, 1157691339093;
538, 386, 1157691339109;
539, 386, 1157691339125;
542, 387, 1157691339140;
543, 387, 1157691339156;
545, 387, 1157691339172;
548, 387, 1157691339187;
552, 386, 1157691339187;
557, 383, 1157691339203;
562, 380, 1157691339218;
565, 377, 1157691339234;
565, 377, 1157691339234;
