428, 311, 1157142090422;
428, 312, 1157142090437;
428, 314, 1157142090453;
428, 316, 1157142090468;
428, 319, 1157142090484;
429, 322, 1157142090500;
429, 326, 1157142090515;
429, 332, 1157142090515;
429, 336, 1157142090531;
429, 341, 1157142090547;
429, 345, 1157142090562;
429, 349, 1157142090578;
429, 351, 1157142090593;
429, 352, 1157142090609;
429, 353, 1157142090609;
429, 351, 1157142090687;
429, 350, 1157142090703;
429, 347, 1157142090703;
429, 344, 1157142090718;
429, 341, 1157142090734;
430, 336, 1157142090750;
433, 327, 1157142090765;
438, 319, 1157142090781;
441, 314, 1157142090797;
443, 312, 1157142090797;
445, 310, 1157142090812;
447, 310, 1157142090828;
451, 308, 1157142090843;
454, 305, 1157142090859;
456, 304, 1157142090875;
459, 303, 1157142090890;
460, 303, 1157142090906;
461, 304, 1157142090922;
462, 305, 1157142090937;
463, 307, 1157142090953;
465, 311, 1157142090968;
467, 315, 1157142090984;
469, 321, 1157142091000;
471, 328, 1157142091000;
471, 332, 1157142091015;
472, 335, 1157142091031;
472, 337, 1157142091047;
472, 339, 1157142091062;
472, 340, 1157142091078;
472, 341, 1157142091078;
472, 342, 1157142091109;
472, 342, 1157142091140;
