502, 342, 1157691376468;
500, 346, 1157691376547;
498, 349, 1157691376562;
496, 352, 1157691376562;
495, 354, 1157691376578;
495, 355, 1157691376593;
494, 355, 1157691376609;
493, 355, 1157691376625;
491, 356, 1157691376640;
489, 356, 1157691376656;
486, 356, 1157691376656;
485, 356, 1157691376672;
484, 354, 1157691376687;
483, 353, 1157691376703;
483, 351, 1157691376718;
482, 349, 1157691376734;
482, 347, 1157691376750;
482, 344, 1157691376750;
483, 339, 1157691376765;
486, 335, 1157691376781;
489, 333, 1157691376797;
493, 330, 1157691376812;
496, 329, 1157691376828;
499, 329, 1157691376843;
502, 329, 1157691376843;
503, 329, 1157691376859;
505, 330, 1157691376875;
506, 333, 1157691376890;
508, 336, 1157691376906;
509, 341, 1157691376922;
510, 346, 1157691376937;
510, 354, 1157691376937;
510, 365, 1157691376953;
510, 376, 1157691376968;
510, 389, 1157691376984;
510, 401, 1157691377000;
510, 409, 1157691377015;
509, 414, 1157691377031;
509, 417, 1157691377031;
509, 418, 1157691377047;
509, 411, 1157691377125;
511, 402, 1157691377140;
514, 388, 1157691377156;
522, 364, 1157691377172;
535, 338, 1157691377187;
550, 312, 1157691377203;
563, 288, 1157691377218;
569, 276, 1157691377234;
573, 270, 1157691377234;
573, 267, 1157691377250;
574, 267, 1157691377265;
575, 267, 1157691377281;
575, 268, 1157691377312;
576, 274, 1157691377312;
576, 283, 1157691377328;
576, 294, 1157691377343;
576, 305, 1157691377359;
574, 319, 1157691377375;
572, 330, 1157691377390;
570, 340, 1157691377406;
568, 351, 1157691377422;
567, 362, 1157691377422;
566, 370, 1157691377437;
565, 378, 1157691377453;
565, 385, 1157691377468;
565, 391, 1157691377484;
565, 396, 1157691377500;
565, 400, 1157691377500;
565, 404, 1157691377515;
567, 407, 1157691377531;
568, 409, 1157691377547;
569, 410, 1157691377562;
570, 410, 1157691377578;
572, 410, 1157691377593;
574, 410, 1157691377609;
577, 410, 1157691377609;
581, 409, 1157691377625;
587, 406, 1157691377640;
593, 403, 1157691377656;
597, 397, 1157691377672;
603, 389, 1157691377687;
610, 378, 1157691377703;
617, 365, 1157691377703;
628, 349, 1157691377718;
628, 349, 1157691377718;
