428, 323, 1157142101953;
428, 327, 1157142101968;
427, 329, 1157142101968;
427, 331, 1157142101984;
427, 333, 1157142101984;
427, 336, 1157142102000;
426, 339, 1157142102000;
426, 342, 1157142102000;
425, 345, 1157142102015;
425, 348, 1157142102015;
425, 350, 1157142102031;
424, 353, 1157142102031;
424, 355, 1157142102047;
423, 358, 1157142102047;
423, 359, 1157142102062;
423, 360, 1157142102062;
423, 361, 1157142102078;
423, 362, 1157142102078;
423, 361, 1157142102109;
423, 360, 1157142102109;
423, 359, 1157142102125;
424, 357, 1157142102125;
424, 356, 1157142102140;
425, 354, 1157142102140;
425, 351, 1157142102156;
426, 348, 1157142102156;
427, 345, 1157142102172;
428, 342, 1157142102172;
429, 339, 1157142102187;
430, 336, 1157142102187;
432, 334, 1157142102203;
434, 331, 1157142102203;
435, 329, 1157142102218;
437, 327, 1157142102218;
438, 325, 1157142102234;
439, 324, 1157142102234;
441, 323, 1157142102250;
442, 322, 1157142102250;
443, 322, 1157142102265;
444, 322, 1157142102265;
446, 322, 1157142102281;
447, 323, 1157142102281;
448, 324, 1157142102297;
449, 326, 1157142102297;
450, 328, 1157142102297;
451, 330, 1157142102312;
452, 332, 1157142102312;
453, 335, 1157142102328;
454, 338, 1157142102328;
455, 341, 1157142102343;
455, 344, 1157142102343;
456, 347, 1157142102359;
457, 350, 1157142102359;
457, 353, 1157142102375;
458, 356, 1157142102375;
458, 358, 1157142102390;
459, 360, 1157142102390;
459, 362, 1157142102406;
460, 363, 1157142102406;
460, 364, 1157142102422;
460, 365, 1157142102422;
460, 366, 1157142102437;
461, 366, 1157142102453;
461, 367, 1157142102468;
462, 367, 1157142102531;
462, 367, 1157142102531;
