424, 304, 1157142110093;
424, 310, 1157142110093;
424, 311, 1157142110093;
424, 313, 1157142110109;
424, 315, 1157142110109;
424, 316, 1157142110125;
424, 318, 1157142110125;
424, 320, 1157142110140;
424, 322, 1157142110140;
424, 324, 1157142110156;
424, 327, 1157142110156;
424, 329, 1157142110172;
423, 332, 1157142110172;
423, 336, 1157142110187;
422, 339, 1157142110187;
422, 342, 1157142110203;
421, 345, 1157142110203;
421, 348, 1157142110218;
420, 351, 1157142110218;
420, 354, 1157142110234;
419, 356, 1157142110234;
419, 359, 1157142110250;
419, 361, 1157142110250;
419, 364, 1157142110265;
418, 365, 1157142110265;
418, 366, 1157142110281;
418, 367, 1157142110281;
418, 368, 1157142110297;
418, 367, 1157142110312;
418, 366, 1157142110312;
418, 365, 1157142110328;
418, 363, 1157142110328;
419, 361, 1157142110343;
419, 358, 1157142110343;
420, 355, 1157142110359;
420, 351, 1157142110359;
422, 347, 1157142110375;
423, 342, 1157142110375;
425, 338, 1157142110390;
426, 334, 1157142110390;
428, 330, 1157142110406;
430, 327, 1157142110406;
433, 324, 1157142110406;
435, 321, 1157142110422;
437, 318, 1157142110422;
439, 316, 1157142110437;
441, 314, 1157142110437;
443, 312, 1157142110453;
445, 311, 1157142110453;
447, 310, 1157142110468;
448, 310, 1157142110468;
450, 311, 1157142110484;
451, 312, 1157142110484;
452, 314, 1157142110500;
452, 317, 1157142110500;
452, 321, 1157142110515;
452, 324, 1157142110515;
452, 329, 1157142110531;
452, 333, 1157142110531;
451, 338, 1157142110547;
451, 342, 1157142110547;
451, 347, 1157142110562;
451, 351, 1157142110562;
451, 355, 1157142110578;
452, 358, 1157142110578;
452, 361, 1157142110593;
452, 363, 1157142110593;
453, 365, 1157142110609;
453, 367, 1157142110609;
454, 367, 1157142110625;
455, 369, 1157142110625;
455, 369, 1157142110625;
