430, 298, 1157142115890;
428, 317, 1157142115906;
427, 321, 1157142115906;
427, 326, 1157142115922;
427, 330, 1157142115922;
428, 335, 1157142115937;
428, 339, 1157142115937;
428, 343, 1157142115953;
428, 347, 1157142115953;
428, 351, 1157142115968;
429, 354, 1157142115968;
429, 357, 1157142115984;
430, 359, 1157142115984;
430, 361, 1157142116000;
430, 362, 1157142116000;
430, 363, 1157142116015;
430, 364, 1157142116015;
430, 363, 1157142116047;
430, 361, 1157142116047;
430, 360, 1157142116062;
430, 357, 1157142116062;
430, 354, 1157142116078;
431, 351, 1157142116078;
432, 346, 1157142116093;
432, 342, 1157142116093;
434, 338, 1157142116109;
435, 334, 1157142116109;
437, 330, 1157142116125;
438, 327, 1157142116125;
440, 324, 1157142116140;
442, 321, 1157142116140;
443, 318, 1157142116156;
444, 316, 1157142116156;
446, 315, 1157142116172;
447, 314, 1157142116172;
448, 313, 1157142116187;
449, 313, 1157142116187;
450, 314, 1157142116187;
451, 315, 1157142116203;
452, 317, 1157142116203;
453, 319, 1157142116218;
454, 322, 1157142116218;
455, 325, 1157142116234;
455, 330, 1157142116234;
456, 334, 1157142116250;
456, 338, 1157142116250;
456, 343, 1157142116265;
456, 347, 1157142116265;
456, 351, 1157142116281;
456, 355, 1157142116281;
456, 358, 1157142116297;
456, 361, 1157142116297;
456, 363, 1157142116312;
457, 365, 1157142116312;
457, 366, 1157142116328;
457, 367, 1157142116328;
458, 366, 1157142116359;
458, 365, 1157142116359;
461, 359, 1157142116375;
461, 359, 1157142116375;
