419, 318, 1157142123718;
424, 340, 1157142123718;
424, 344, 1157142123734;
425, 347, 1157142123734;
425, 351, 1157142123750;
425, 354, 1157142123750;
425, 357, 1157142123765;
426, 360, 1157142123765;
426, 362, 1157142123781;
426, 364, 1157142123781;
426, 366, 1157142123797;
426, 367, 1157142123797;
427, 368, 1157142123812;
426, 367, 1157142123843;
426, 365, 1157142123843;
426, 363, 1157142123859;
426, 360, 1157142123859;
426, 356, 1157142123875;
426, 351, 1157142123875;
427, 345, 1157142123875;
428, 340, 1157142123890;
429, 335, 1157142123890;
430, 330, 1157142123906;
432, 325, 1157142123906;
434, 320, 1157142123922;
436, 316, 1157142123922;
439, 312, 1157142123937;
441, 309, 1157142123937;
443, 308, 1157142123953;
445, 307, 1157142123953;
447, 307, 1157142123968;
449, 309, 1157142123968;
451, 311, 1157142123984;
453, 314, 1157142123984;
454, 318, 1157142124000;
456, 323, 1157142124000;
457, 328, 1157142124015;
458, 333, 1157142124015;
458, 338, 1157142124031;
459, 343, 1157142124031;
459, 348, 1157142124047;
459, 353, 1157142124047;
460, 357, 1157142124062;
460, 362, 1157142124062;
461, 365, 1157142124078;
461, 369, 1157142124078;
462, 371, 1157142124093;
463, 374, 1157142124093;
463, 375, 1157142124109;
463, 377, 1157142124109;
464, 381, 1157142124125;
464, 381, 1157142124125;
