416, 302, 1157142130828;
418, 322, 1157142130828;
418, 336, 1157142130859;
418, 340, 1157142130859;
418, 345, 1157142130875;
418, 349, 1157142130875;
418, 353, 1157142130890;
418, 356, 1157142130890;
418, 359, 1157142130906;
418, 362, 1157142130906;
418, 364, 1157142130922;
418, 365, 1157142130922;
418, 366, 1157142130937;
418, 367, 1157142130937;
418, 365, 1157142130968;
418, 364, 1157142130968;
418, 361, 1157142130984;
418, 358, 1157142130984;
418, 354, 1157142131000;
418, 350, 1157142131000;
418, 344, 1157142131015;
419, 339, 1157142131015;
419, 334, 1157142131031;
420, 329, 1157142131031;
421, 324, 1157142131047;
422, 319, 1157142131047;
423, 315, 1157142131062;
424, 312, 1157142131062;
425, 309, 1157142131078;
427, 307, 1157142131078;
428, 305, 1157142131093;
429, 304, 1157142131093;
431, 303, 1157142131109;
433, 302, 1157142131109;
435, 302, 1157142131125;
437, 303, 1157142131125;
439, 304, 1157142131125;
441, 306, 1157142131140;
443, 309, 1157142131140;
444, 313, 1157142131156;
445, 317, 1157142131156;
446, 322, 1157142131172;
447, 327, 1157142131172;
448, 332, 1157142131187;
449, 337, 1157142131187;
449, 342, 1157142131203;
450, 347, 1157142131203;
451, 351, 1157142131218;
451, 355, 1157142131218;
452, 359, 1157142131234;
452, 362, 1157142131234;
453, 364, 1157142131250;
453, 366, 1157142131250;
454, 367, 1157142131265;
454, 368, 1157142131265;
455, 371, 1157142131281;
455, 371, 1157142131281;
