425, 283, 1157142136734;
427, 295, 1157142136734;
427, 299, 1157142136750;
428, 304, 1157142136750;
428, 309, 1157142136765;
428, 315, 1157142136765;
429, 321, 1157142136781;
429, 326, 1157142136781;
429, 332, 1157142136797;
430, 337, 1157142136797;
430, 342, 1157142136812;
431, 347, 1157142136812;
431, 351, 1157142136828;
432, 355, 1157142136828;
432, 358, 1157142136843;
432, 360, 1157142136843;
433, 362, 1157142136843;
433, 363, 1157142136859;
433, 362, 1157142136875;
432, 361, 1157142136875;
432, 359, 1157142136890;
432, 356, 1157142136890;
432, 352, 1157142136906;
432, 347, 1157142136906;
432, 342, 1157142136922;
433, 336, 1157142136922;
433, 330, 1157142136937;
435, 324, 1157142136937;
436, 318, 1157142136953;
438, 312, 1157142136953;
439, 307, 1157142136968;
441, 302, 1157142136968;
443, 298, 1157142136984;
445, 295, 1157142136984;
447, 292, 1157142137000;
449, 290, 1157142137000;
451, 290, 1157142137015;
452, 290, 1157142137015;
454, 291, 1157142137031;
456, 293, 1157142137031;
457, 297, 1157142137047;
458, 301, 1157142137047;
459, 305, 1157142137062;
460, 310, 1157142137062;
461, 315, 1157142137078;
462, 321, 1157142137078;
462, 327, 1157142137093;
463, 333, 1157142137093;
463, 338, 1157142137109;
463, 344, 1157142137109;
464, 349, 1157142137125;
464, 353, 1157142137125;
465, 357, 1157142137140;
465, 360, 1157142137140;
465, 362, 1157142137156;
465, 364, 1157142137156;
466, 368, 1157142137172;
466, 368, 1157142137172;
