417, 282, 1157142143984;
421, 304, 1157142144000;
421, 309, 1157142144000;
421, 314, 1157142144015;
422, 319, 1157142144015;
422, 324, 1157142144031;
423, 330, 1157142144031;
423, 334, 1157142144047;
423, 339, 1157142144047;
424, 342, 1157142144062;
424, 346, 1157142144062;
424, 348, 1157142144078;
424, 350, 1157142144078;
425, 352, 1157142144093;
425, 353, 1157142144093;
425, 352, 1157142144125;
424, 350, 1157142144125;
424, 347, 1157142144140;
424, 342, 1157142144140;
424, 338, 1157142144156;
424, 333, 1157142144156;
424, 327, 1157142144172;
425, 322, 1157142144172;
426, 316, 1157142144187;
427, 310, 1157142144187;
428, 305, 1157142144203;
429, 300, 1157142144203;
431, 295, 1157142144218;
433, 291, 1157142144218;
435, 289, 1157142144234;
437, 287, 1157142144234;
438, 287, 1157142144250;
440, 287, 1157142144250;
442, 289, 1157142144265;
444, 291, 1157142144265;
445, 295, 1157142144281;
447, 300, 1157142144281;
448, 305, 1157142144297;
450, 311, 1157142144297;
451, 318, 1157142144312;
452, 325, 1157142144312;
453, 331, 1157142144328;
453, 337, 1157142144328;
454, 343, 1157142144328;
455, 348, 1157142144343;
456, 352, 1157142144343;
457, 356, 1157142144359;
458, 359, 1157142144359;
459, 361, 1157142144375;
460, 363, 1157142144375;
462, 366, 1157142144390;
462, 366, 1157142144390;
