436, 290, 1157145135593;
436, 291, 1157145135750;
436, 294, 1157145135765;
437, 299, 1157145135781;
438, 304, 1157145135781;
440, 311, 1157145135797;
442, 320, 1157145135812;
444, 331, 1157145135828;
445, 343, 1157145135843;
446, 351, 1157145135859;
447, 357, 1157145135875;
448, 359, 1157145135890;
448, 360, 1157145135890;
449, 358, 1157145135984;
450, 357, 1157145136000;
453, 353, 1157145136015;
457, 346, 1157145136031;
460, 341, 1157145136047;
464, 333, 1157145136062;
468, 326, 1157145136078;
473, 319, 1157145136078;
478, 311, 1157145136093;
484, 305, 1157145136109;
487, 303, 1157145136125;
488, 301, 1157145136140;
489, 301, 1157145136156;
489, 301, 1157145136328;
