438, 251, 1157145141375;
438, 253, 1157145141390;
438, 257, 1157145141406;
438, 262, 1157145141422;
438, 269, 1157145141437;
438, 276, 1157145141453;
438, 283, 1157145141453;
439, 290, 1157145141468;
440, 297, 1157145141484;
440, 303, 1157145141500;
440, 308, 1157145141515;
440, 311, 1157145141531;
440, 312, 1157145141547;
440, 313, 1157145141562;
441, 313, 1157145141625;
441, 311, 1157145141656;
441, 310, 1157145141656;
443, 308, 1157145141672;
447, 300, 1157145141687;
451, 293, 1157145141703;
455, 285, 1157145141718;
460, 275, 1157145141734;
464, 266, 1157145141750;
468, 260, 1157145141750;
470, 258, 1157145141765;
472, 257, 1157145141781;
474, 254, 1157145141797;
476, 253, 1157145141812;
477, 252, 1157145141828;
478, 252, 1157145141890;
478, 252, 1157145141937;
