414, 251, 1157145146531;
414, 252, 1157145146578;
415, 254, 1157145146593;
416, 256, 1157145146593;
417, 259, 1157145146609;
418, 265, 1157145146625;
420, 271, 1157145146640;
423, 278, 1157145146656;
424, 285, 1157145146672;
427, 291, 1157145146687;
428, 296, 1157145146687;
430, 301, 1157145146703;
432, 304, 1157145146718;
432, 305, 1157145146734;
432, 307, 1157145146750;
433, 307, 1157145146812;
433, 305, 1157145146875;
433, 303, 1157145146890;
438, 294, 1157145146906;
447, 280, 1157145146922;
457, 259, 1157145146937;
464, 248, 1157145146953;
468, 241, 1157145146968;
470, 238, 1157145146968;
471, 237, 1157145146984;
471, 237, 1157145147156;
