382, 291, 1157145157062;
383, 291, 1157145157078;
383, 292, 1157145157093;
384, 294, 1157145157109;
384, 297, 1157145157125;
386, 301, 1157145157140;
387, 306, 1157145157156;
388, 313, 1157145157172;
390, 321, 1157145157187;
393, 330, 1157145157187;
396, 337, 1157145157203;
399, 344, 1157145157218;
401, 347, 1157145157234;
402, 348, 1157145157250;
403, 348, 1157145157281;
405, 347, 1157145157297;
406, 345, 1157145157312;
408, 340, 1157145157328;
412, 333, 1157145157343;
415, 326, 1157145157359;
418, 318, 1157145157375;
422, 312, 1157145157375;
424, 309, 1157145157390;
425, 308, 1157145157406;
426, 307, 1157145157422;
427, 305, 1157145157468;
429, 305, 1157145157484;
429, 304, 1157145157500;
429, 304, 1157145157578;
