378, 340, 1157145162343;
378, 339, 1157145162343;
378, 340, 1157145162422;
380, 342, 1157145162437;
380, 345, 1157145162453;
382, 351, 1157145162468;
384, 357, 1157145162484;
387, 366, 1157145162500;
388, 374, 1157145162515;
390, 381, 1157145162531;
392, 386, 1157145162531;
394, 390, 1157145162547;
396, 395, 1157145162562;
397, 397, 1157145162578;
398, 399, 1157145162593;
399, 399, 1157145162609;
400, 399, 1157145162640;
401, 397, 1157145162656;
403, 395, 1157145162672;
407, 391, 1157145162687;
411, 385, 1157145162703;
415, 377, 1157145162718;
421, 368, 1157145162718;
425, 361, 1157145162734;
428, 356, 1157145162750;
430, 354, 1157145162765;
431, 353, 1157145162781;
435, 349, 1157145162797;
437, 347, 1157145162812;
440, 344, 1157145162812;
444, 342, 1157145162828;
445, 340, 1157145162843;
446, 340, 1157145162875;
446, 339, 1157145162968;
446, 339, 1157145162968;
