374, 342, 1157145167968;
374, 343, 1157145168000;
374, 345, 1157145168015;
375, 347, 1157145168031;
377, 351, 1157145168047;
379, 356, 1157145168062;
383, 363, 1157145168062;
386, 372, 1157145168078;
389, 380, 1157145168093;
391, 390, 1157145168109;
393, 397, 1157145168125;
395, 402, 1157145168140;
396, 407, 1157145168156;
397, 410, 1157145168156;
397, 411, 1157145168172;
397, 412, 1157145168203;
397, 410, 1157145168250;
397, 409, 1157145168265;
398, 406, 1157145168281;
400, 399, 1157145168297;
404, 392, 1157145168312;
411, 382, 1157145168328;
417, 372, 1157145168343;
423, 363, 1157145168343;
427, 357, 1157145168359;
430, 353, 1157145168375;
431, 352, 1157145168390;
432, 352, 1157145168406;
432, 351, 1157145168437;
433, 350, 1157145168437;
433, 349, 1157145168468;
433, 349, 1157145168515;
