407, 336, 1157145173609;
408, 338, 1157145173625;
409, 341, 1157145173640;
410, 344, 1157145173656;
414, 352, 1157145173672;
418, 360, 1157145173672;
421, 368, 1157145173687;
426, 377, 1157145173703;
429, 385, 1157145173718;
432, 392, 1157145173734;
434, 397, 1157145173750;
435, 398, 1157145173765;
435, 399, 1157145173765;
435, 400, 1157145173781;
435, 399, 1157145173828;
435, 398, 1157145173843;
435, 397, 1157145173859;
435, 394, 1157145173859;
437, 387, 1157145173875;
442, 379, 1157145173890;
446, 369, 1157145173906;
451, 359, 1157145173922;
457, 352, 1157145173937;
462, 345, 1157145173953;
464, 342, 1157145173953;
465, 341, 1157145173968;
466, 340, 1157145173984;
467, 339, 1157145174015;
468, 338, 1157145174047;
468, 337, 1157145174093;
468, 337, 1157145174125;
