416, 281, 1157145179875;
417, 282, 1157145179906;
418, 284, 1157145179922;
420, 289, 1157145179922;
422, 296, 1157145179937;
424, 305, 1157145179953;
426, 315, 1157145179968;
429, 324, 1157145179984;
433, 334, 1157145180000;
435, 341, 1157145180015;
437, 347, 1157145180015;
438, 348, 1157145180031;
439, 350, 1157145180047;
440, 350, 1157145180140;
440, 348, 1157145180156;
440, 346, 1157145180172;
442, 340, 1157145180187;
446, 330, 1157145180203;
453, 317, 1157145180203;
466, 294, 1157145180218;
476, 280, 1157145180234;
481, 272, 1157145180250;
484, 269, 1157145180265;
485, 267, 1157145180281;
486, 267, 1157145180297;
486, 267, 1157145180406;
