571, 269, 1157691725765;
570, 271, 1157691725906;
568, 275, 1157691725906;
565, 281, 1157691725922;
560, 291, 1157691725937;
553, 302, 1157691725953;
544, 313, 1157691725968;
536, 323, 1157691725984;
529, 332, 1157691726000;
525, 339, 1157691726015;
521, 345, 1157691726015;
520, 348, 1157691726031;
519, 348, 1157691726047;
519, 349, 1157691726062;
519, 347, 1157691726234;
519, 346, 1157691726250;
518, 344, 1157691726265;
516, 340, 1157691726281;
515, 334, 1157691726281;
514, 326, 1157691726297;
512, 316, 1157691726312;
510, 307, 1157691726328;
507, 300, 1157691726343;
505, 293, 1157691726359;
502, 287, 1157691726375;
498, 283, 1157691726390;
495, 280, 1157691726390;
491, 279, 1157691726406;
489, 279, 1157691726422;
489, 279, 1157691726453;
