628, 269, 1157691739140;
629, 270, 1157691739234;
629, 273, 1157691739250;
629, 275, 1157691739265;
629, 278, 1157691739281;
631, 280, 1157691739297;
632, 283, 1157691739312;
632, 287, 1157691739312;
634, 293, 1157691739328;
635, 300, 1157691739343;
637, 305, 1157691739359;
638, 309, 1157691739375;
639, 313, 1157691739390;
639, 315, 1157691739406;
639, 317, 1157691739406;
639, 318, 1157691739437;
640, 318, 1157691739562;
640, 317, 1157691739609;
642, 314, 1157691739625;
646, 308, 1157691739640;
652, 294, 1157691739656;
660, 276, 1157691739672;
665, 265, 1157691739687;
668, 258, 1157691739703;
669, 256, 1157691739703;
669, 255, 1157691739718;
669, 255, 1157691739734;
