423, 301, 1157144463359;
423, 302, 1157144463390;
424, 302, 1157144463406;
424, 304, 1157144463422;
426, 307, 1157144463437;
427, 310, 1157144463437;
430, 318, 1157144463453;
432, 326, 1157144463468;
436, 336, 1157144463484;
439, 348, 1157144463500;
445, 360, 1157144463515;
449, 371, 1157144463531;
454, 378, 1157144463531;
455, 382, 1157144463547;
456, 383, 1157144463562;
457, 384, 1157144463578;
457, 383, 1157144463625;
457, 382, 1157144463625;
457, 381, 1157144463640;
457, 379, 1157144463656;
458, 375, 1157144463672;
463, 362, 1157144463687;
470, 346, 1157144463703;
483, 320, 1157144463718;
497, 301, 1157144463718;
503, 291, 1157144463734;
507, 286, 1157144463750;
508, 285, 1157144463765;
509, 284, 1157144463781;
509, 283, 1157144463797;
509, 283, 1157144463906;
