532, 263, 1157691763547;
533, 263, 1157691763562;
536, 263, 1157691763578;
539, 265, 1157691763593;
543, 268, 1157691763609;
546, 271, 1157691763625;
549, 276, 1157691763625;
553, 281, 1157691763640;
556, 285, 1157691763656;
561, 290, 1157691763672;
565, 296, 1157691763687;
570, 302, 1157691763703;
574, 308, 1157691763718;
577, 312, 1157691763718;
579, 314, 1157691763734;
579, 316, 1157691763750;
580, 316, 1157691763765;
580, 317, 1157691763781;
580, 315, 1157691763843;
580, 312, 1157691763875;
580, 309, 1157691763890;
580, 305, 1157691763906;
581, 299, 1157691763906;
583, 295, 1157691763922;
585, 290, 1157691763937;
587, 287, 1157691763953;
587, 286, 1157691763968;
588, 284, 1157691763984;
589, 280, 1157691764000;
589, 277, 1157691764000;
590, 276, 1157691764015;
590, 275, 1157691764031;
590, 270, 1157691764437;
590, 268, 1157691764453;
590, 266, 1157691764468;
590, 264, 1157691764484;
591, 260, 1157691764484;
592, 257, 1157691764500;
594, 252, 1157691764515;
596, 247, 1157691764531;
597, 246, 1157691764547;
597, 244, 1157691764562;
598, 244, 1157691765078;
599, 244, 1157691765109;
600, 244, 1157691765125;
601, 244, 1157691765140;
602, 244, 1157691765140;
603, 244, 1157691765156;
604, 244, 1157691765172;
607, 244, 1157691765187;
609, 246, 1157691765203;
611, 246, 1157691765218;
612, 247, 1157691765234;
614, 248, 1157691765234;
615, 248, 1157691765281;
615, 248, 1157691765359;
