414, 298, 1157144469078;
414, 299, 1157144469156;
414, 301, 1157144469172;
414, 304, 1157144469172;
416, 308, 1157144469187;
418, 314, 1157144469203;
421, 323, 1157144469218;
424, 334, 1157144469234;
428, 343, 1157144469250;
431, 352, 1157144469265;
434, 357, 1157144469265;
434, 360, 1157144469281;
434, 361, 1157144469312;
435, 361, 1157144469328;
436, 360, 1157144469359;
437, 359, 1157144469375;
440, 353, 1157144469390;
446, 342, 1157144469406;
459, 321, 1157144469422;
475, 299, 1157144469437;
484, 287, 1157144469453;
488, 281, 1157144469453;
490, 280, 1157144469468;
490, 279, 1157144469484;
491, 279, 1157144469500;
491, 279, 1157144469547;
