398, 299, 1157144473984;
399, 300, 1157144474031;
399, 301, 1157144474047;
401, 305, 1157144474062;
403, 310, 1157144474078;
406, 317, 1157144474093;
409, 325, 1157144474093;
412, 335, 1157144474125;
414, 345, 1157144474125;
417, 352, 1157144474140;
418, 356, 1157144474156;
419, 357, 1157144474172;
419, 358, 1157144474172;
420, 358, 1157144474234;
420, 356, 1157144474265;
420, 355, 1157144474281;
424, 350, 1157144474281;
430, 340, 1157144474297;
440, 326, 1157144474312;
446, 314, 1157144474328;
452, 303, 1157144474343;
458, 294, 1157144474359;
462, 288, 1157144474375;
463, 286, 1157144474375;
464, 285, 1157144474390;
464, 285, 1157144474453;
