401, 295, 1157144479937;
401, 297, 1157144479937;
401, 298, 1157144479953;
401, 301, 1157144479968;
401, 304, 1157144479984;
402, 311, 1157144480000;
403, 318, 1157144480015;
405, 325, 1157144480031;
406, 335, 1157144480047;
407, 343, 1157144480047;
408, 350, 1157144480062;
409, 354, 1157144480078;
410, 356, 1157144480093;
410, 357, 1157144480109;
410, 356, 1157144480172;
410, 355, 1157144480187;
411, 352, 1157144480203;
414, 347, 1157144480218;
421, 338, 1157144480234;
426, 331, 1157144480234;
430, 326, 1157144480250;
433, 323, 1157144480265;
437, 318, 1157144480281;
439, 314, 1157144480297;
440, 312, 1157144480312;
441, 311, 1157144480328;
443, 308, 1157144480343;
444, 307, 1157144480359;
444, 306, 1157144480375;
444, 306, 1157144480453;
