419, 307, 1157144485250;
419, 308, 1157144485297;
419, 311, 1157144485312;
419, 317, 1157144485312;
421, 325, 1157144485328;
422, 334, 1157144485343;
425, 345, 1157144485359;
427, 353, 1157144485375;
429, 363, 1157144485390;
431, 369, 1157144485406;
432, 373, 1157144485406;
432, 374, 1157144485422;
433, 374, 1157144485468;
433, 373, 1157144485500;
433, 372, 1157144485500;
436, 368, 1157144485515;
439, 364, 1157144485531;
445, 356, 1157144485547;
450, 348, 1157144485562;
455, 339, 1157144485578;
458, 333, 1157144485593;
460, 332, 1157144485593;
460, 331, 1157144485609;
461, 331, 1157144485625;
462, 330, 1157144485640;
462, 329, 1157144485656;
464, 327, 1157144485672;
467, 326, 1157144485687;
468, 325, 1157144485703;
469, 325, 1157144485703;
470, 324, 1157144485781;
471, 323, 1157144485797;
472, 322, 1157144485875;
472, 322, 1157144485890;
