421, 293, 1157144490515;
421, 294, 1157144490547;
422, 297, 1157144490562;
423, 300, 1157144490578;
424, 305, 1157144490578;
425, 311, 1157144490593;
426, 318, 1157144490609;
427, 329, 1157144490625;
428, 338, 1157144490640;
429, 346, 1157144490656;
430, 353, 1157144490672;
430, 357, 1157144490672;
432, 361, 1157144490687;
432, 363, 1157144490703;
433, 360, 1157144490765;
437, 354, 1157144490781;
445, 345, 1157144490797;
453, 334, 1157144490812;
463, 320, 1157144490828;
468, 309, 1157144490843;
473, 302, 1157144490859;
477, 297, 1157144490859;
480, 295, 1157144490875;
483, 292, 1157144490890;
487, 290, 1157144490906;
490, 287, 1157144490922;
492, 285, 1157144490937;
493, 283, 1157144490953;
494, 283, 1157144490953;
494, 283, 1157144491015;
