405, 304, 1157145117890;
405, 306, 1157145118015;
405, 308, 1157145118031;
407, 313, 1157145118047;
408, 319, 1157145118062;
411, 328, 1157145118078;
413, 337, 1157145118093;
416, 348, 1157145118093;
419, 359, 1157145118109;
421, 371, 1157145118125;
423, 380, 1157145118140;
426, 385, 1157145118156;
426, 388, 1157145118172;
427, 390, 1157145118187;
428, 390, 1157145118218;
429, 390, 1157145118234;
429, 388, 1157145118250;
429, 387, 1157145118265;
430, 385, 1157145118281;
431, 383, 1157145118297;
433, 377, 1157145118297;
439, 367, 1157145118312;
444, 360, 1157145118328;
462, 337, 1157145118343;
475, 317, 1157145118359;
480, 310, 1157145118375;
482, 308, 1157145118375;
484, 307, 1157145118390;
484, 306, 1157145118484;
484, 305, 1157145118531;
484, 305, 1157145118640;
