423, 280, 1157145125609;
423, 279, 1157145125656;
424, 280, 1157145125781;
424, 283, 1157145125797;
426, 285, 1157145125812;
427, 287, 1157145125828;
429, 291, 1157145125843;
432, 297, 1157145125859;
435, 303, 1157145125859;
439, 310, 1157145125875;
441, 316, 1157145125890;
443, 322, 1157145125906;
445, 325, 1157145125922;
446, 328, 1157145125937;
447, 331, 1157145125953;
448, 333, 1157145125953;
448, 335, 1157145125968;
449, 336, 1157145125984;
450, 337, 1157145126000;
450, 338, 1157145126015;
450, 339, 1157145126078;
451, 337, 1157145126187;
451, 336, 1157145126203;
454, 333, 1157145126218;
459, 329, 1157145126234;
464, 323, 1157145126234;
470, 315, 1157145126250;
474, 309, 1157145126265;
476, 307, 1157145126281;
478, 305, 1157145126297;
479, 303, 1157145126312;
481, 300, 1157145126328;
484, 297, 1157145126328;
485, 295, 1157145126343;
486, 294, 1157145126359;
487, 294, 1157145126406;
488, 293, 1157145126437;
489, 292, 1157145126453;
490, 291, 1157145126484;
491, 290, 1157145126500;
492, 289, 1157145126515;
493, 289, 1157145126593;
493, 289, 1157145126765;
