433, 435, 1157141828062;
434, 435, 1157141828093;
437, 432, 1157141828156;
441, 428, 1157141828172;
447, 422, 1157141828187;
453, 413, 1157141828203;
461, 403, 1157141828218;
469, 387, 1157141828234;
476, 367, 1157141828250;
484, 342, 1157141828250;
487, 326, 1157141828265;
488, 314, 1157141828281;
488, 306, 1157141828297;
488, 301, 1157141828312;
486, 297, 1157141828328;
484, 297, 1157141828343;
483, 296, 1157141828359;
483, 297, 1157141828375;
482, 298, 1157141828390;
480, 303, 1157141828406;
477, 310, 1157141828422;
474, 323, 1157141828437;
469, 337, 1157141828453;
466, 350, 1157141828453;
465, 365, 1157141828468;
465, 379, 1157141828484;
465, 392, 1157141828500;
465, 404, 1157141828515;
466, 416, 1157141828531;
468, 425, 1157141828531;
468, 425, 1157141828531;
