478, 397, 1157141889547;
478, 396, 1157141889593;
478, 395, 1157141889609;
478, 394, 1157141889625;
480, 391, 1157141889640;
482, 385, 1157141889656;
486, 378, 1157141889672;
491, 366, 1157141889672;
498, 353, 1157141889687;
502, 343, 1157141889703;
505, 334, 1157141889718;
506, 325, 1157141889734;
506, 317, 1157141889750;
507, 309, 1157141889765;
507, 301, 1157141889765;
509, 293, 1157141889781;
509, 287, 1157141889797;
509, 286, 1157141889812;
509, 285, 1157141889828;
508, 285, 1157141889922;
507, 285, 1157141889937;
505, 288, 1157141889968;
500, 298, 1157141889984;
493, 313, 1157141890000;
488, 329, 1157141890015;
483, 343, 1157141890031;
481, 357, 1157141890047;
479, 369, 1157141890062;
478, 378, 1157141890062;
477, 389, 1157141890078;
477, 397, 1157141890093;
476, 404, 1157141890109;
476, 408, 1157141890125;
476, 410, 1157141890140;
476, 411, 1157141890156;
476, 411, 1157141890203;
