456, 423, 1157141905781;
457, 423, 1157141905828;
457, 422, 1157141905843;
458, 420, 1157141905859;
459, 418, 1157141905875;
461, 412, 1157141905875;
463, 407, 1157141905890;
467, 401, 1157141905906;
471, 391, 1157141905922;
480, 376, 1157141905937;
488, 361, 1157141905953;
495, 341, 1157141905968;
499, 329, 1157141905968;
501, 318, 1157141905984;
503, 310, 1157141906000;
503, 302, 1157141906015;
503, 294, 1157141906031;
503, 288, 1157141906047;
503, 285, 1157141906062;
501, 283, 1157141906078;
499, 281, 1157141906078;
497, 281, 1157141906093;
495, 281, 1157141906109;
493, 281, 1157141906125;
492, 281, 1157141906140;
490, 282, 1157141906156;
487, 283, 1157141906172;
486, 285, 1157141906172;
484, 287, 1157141906187;
484, 288, 1157141906203;
483, 293, 1157141906218;
482, 298, 1157141906234;
481, 305, 1157141906250;
481, 312, 1157141906250;
481, 318, 1157141906265;
481, 325, 1157141906281;
481, 332, 1157141906297;
481, 339, 1157141906312;
481, 345, 1157141906328;
481, 353, 1157141906343;
481, 360, 1157141906359;
481, 364, 1157141906359;
481, 369, 1157141906375;
481, 373, 1157141906390;
481, 378, 1157141906406;
481, 382, 1157141906422;
481, 385, 1157141906437;
481, 389, 1157141906453;
481, 391, 1157141906453;
481, 394, 1157141906468;
481, 396, 1157141906484;
481, 397, 1157141906500;
481, 398, 1157141906515;
481, 402, 1157141906609;
481, 403, 1157141906640;
481, 405, 1157141906672;
481, 406, 1157141906687;
481, 408, 1157141906703;
481, 409, 1157141906718;
481, 411, 1157141906734;
481, 412, 1157141906734;
481, 413, 1157141906765;
481, 414, 1157141906797;
481, 414, 1157141906797;
