510, 465, 1157141911265;
511, 464, 1157141911390;
512, 463, 1157141911406;
514, 459, 1157141911406;
518, 456, 1157141911422;
522, 450, 1157141911437;
530, 437, 1157141911453;
537, 417, 1157141911468;
546, 394, 1157141911484;
554, 370, 1157141911500;
559, 353, 1157141911515;
564, 341, 1157141911515;
565, 334, 1157141911531;
565, 330, 1157141911547;
565, 328, 1157141911562;
563, 326, 1157141911578;
561, 325, 1157141911593;
559, 325, 1157141911609;
556, 325, 1157141911609;
553, 327, 1157141911625;
551, 333, 1157141911640;
549, 338, 1157141911656;
546, 346, 1157141911672;
544, 353, 1157141911687;
540, 361, 1157141911687;
538, 371, 1157141911703;
537, 380, 1157141911718;
537, 388, 1157141911734;
537, 396, 1157141911750;
537, 404, 1157141911765;
537, 412, 1157141911781;
537, 420, 1157141911797;
537, 428, 1157141911797;
537, 436, 1157141911812;
537, 443, 1157141911828;
537, 448, 1157141911843;
537, 452, 1157141911859;
537, 455, 1157141911875;
536, 455, 1157141911890;
535, 455, 1157141911922;
535, 455, 1157141911937;
