486, 378, 1157141917468;
487, 378, 1157141917531;
487, 377, 1157141917531;
487, 376, 1157141917547;
488, 374, 1157141917562;
490, 370, 1157141917578;
493, 362, 1157141917593;
499, 352, 1157141917609;
505, 339, 1157141917625;
508, 329, 1157141917625;
511, 321, 1157141917640;
512, 317, 1157141917656;
512, 315, 1157141917672;
512, 313, 1157141917687;
512, 311, 1157141917703;
510, 309, 1157141917718;
509, 308, 1157141917718;
507, 307, 1157141917734;
506, 306, 1157141917750;
505, 306, 1157141917765;
504, 306, 1157141917781;
503, 306, 1157141917797;
503, 307, 1157141917875;
503, 308, 1157141917890;
503, 311, 1157141917906;
502, 315, 1157141917922;
502, 321, 1157141917922;
500, 329, 1157141917937;
499, 338, 1157141917953;
498, 348, 1157141917968;
497, 357, 1157141917984;
497, 364, 1157141918000;
497, 368, 1157141918000;
497, 371, 1157141918015;
497, 373, 1157141918031;
497, 374, 1157141918047;
496, 374, 1157141918078;
495, 370, 1157141918109;
495, 370, 1157141918109;
