441, 400, 1157141922781;
441, 399, 1157141922828;
442, 398, 1157141922843;
443, 395, 1157141922859;
445, 391, 1157141922875;
450, 385, 1157141922875;
456, 376, 1157141922890;
462, 365, 1157141922906;
470, 351, 1157141922922;
477, 331, 1157141922937;
482, 314, 1157141922953;
484, 302, 1157141922968;
485, 292, 1157141922968;
486, 283, 1157141922984;
486, 278, 1157141923000;
486, 275, 1157141923015;
485, 273, 1157141923031;
485, 272, 1157141923047;
484, 274, 1157141923109;
481, 281, 1157141923125;
475, 296, 1157141923140;
470, 312, 1157141923156;
465, 329, 1157141923156;
462, 342, 1157141923172;
460, 353, 1157141923187;
459, 364, 1157141923203;
459, 373, 1157141923218;
457, 383, 1157141923234;
457, 392, 1157141923250;
455, 400, 1157141923265;
455, 407, 1157141923265;
455, 410, 1157141923281;
455, 411, 1157141923297;
455, 412, 1157141923312;
454, 412, 1157141923328;
453, 412, 1157141923343;
453, 410, 1157141923343;
453, 410, 1157141923343;
