433, 424, 1157141927984;
434, 422, 1157141928047;
437, 419, 1157141928062;
440, 415, 1157141928078;
444, 411, 1157141928093;
449, 402, 1157141928109;
454, 391, 1157141928125;
460, 380, 1157141928125;
463, 370, 1157141928140;
466, 364, 1157141928156;
467, 355, 1157141928172;
468, 349, 1157141928187;
468, 344, 1157141928203;
468, 341, 1157141928218;
468, 337, 1157141928218;
468, 335, 1157141928234;
468, 333, 1157141928250;
467, 332, 1157141928265;
467, 330, 1157141928297;
467, 329, 1157141928312;
467, 328, 1157141928312;
466, 327, 1157141928343;
466, 329, 1157141928609;
465, 331, 1157141928609;
464, 334, 1157141928625;
463, 339, 1157141928640;
463, 343, 1157141928656;
462, 347, 1157141928672;
461, 351, 1157141928687;
460, 356, 1157141928703;
460, 358, 1157141928703;
460, 360, 1157141928718;
460, 362, 1157141928734;
460, 363, 1157141928750;
460, 366, 1157141928765;
460, 368, 1157141928781;
460, 370, 1157141928797;
459, 371, 1157141928797;
459, 372, 1157141928812;
459, 375, 1157141928828;
459, 377, 1157141928843;
459, 380, 1157141928859;
459, 383, 1157141928875;
459, 386, 1157141928890;
459, 388, 1157141928906;
459, 389, 1157141928906;
459, 391, 1157141928922;
459, 393, 1157141928937;
459, 394, 1157141928953;
459, 396, 1157141928968;
459, 398, 1157141928984;
459, 399, 1157141928984;
459, 401, 1157141929093;
459, 403, 1157141929109;
459, 403, 1157141929140;
