416, 437, 1157141934375;
417, 437, 1157141934422;
417, 436, 1157141934437;
419, 434, 1157141934453;
422, 432, 1157141934468;
425, 427, 1157141934468;
430, 418, 1157141934484;
437, 408, 1157141934500;
445, 395, 1157141934515;
455, 375, 1157141934531;
466, 354, 1157141934547;
474, 334, 1157141934562;
480, 319, 1157141934578;
485, 309, 1157141934578;
488, 302, 1157141934593;
489, 299, 1157141934609;
489, 297, 1157141934625;
489, 296, 1157141934656;
488, 295, 1157141934672;
487, 295, 1157141934703;
486, 295, 1157141934734;
484, 298, 1157141934797;
481, 304, 1157141934812;
474, 314, 1157141934828;
467, 325, 1157141934843;
459, 340, 1157141934859;
455, 351, 1157141934859;
453, 360, 1157141934875;
451, 370, 1157141934890;
448, 380, 1157141934906;
447, 388, 1157141934922;
447, 396, 1157141934937;
446, 401, 1157141934953;
446, 404, 1157141934953;
446, 406, 1157141934968;
446, 407, 1157141935000;
446, 408, 1157141935093;
446, 409, 1157141935125;
446, 410, 1157141935140;
446, 411, 1157141935156;
446, 413, 1157141935172;
446, 415, 1157141935187;
446, 417, 1157141935203;
446, 419, 1157141935218;
446, 421, 1157141935234;
445, 421, 1157141935328;
445, 421, 1157141935328;
