438, 429, 1157141940968;
439, 429, 1157141941000;
440, 429, 1157141941047;
441, 426, 1157141941062;
445, 423, 1157141941062;
450, 418, 1157141941078;
454, 412, 1157141941093;
457, 402, 1157141941109;
461, 390, 1157141941125;
466, 372, 1157141941140;
472, 348, 1157141941156;
479, 321, 1157141941172;
486, 299, 1157141941172;
488, 287, 1157141941187;
489, 279, 1157141941203;
489, 273, 1157141941218;
489, 270, 1157141941234;
488, 268, 1157141941250;
487, 267, 1157141941250;
487, 266, 1157141941265;
485, 266, 1157141941281;
485, 265, 1157141941297;
484, 265, 1157141941312;
482, 272, 1157141941359;
481, 278, 1157141941375;
477, 286, 1157141941390;
474, 297, 1157141941406;
471, 310, 1157141941422;
467, 326, 1157141941437;
465, 341, 1157141941437;
463, 355, 1157141941453;
460, 367, 1157141941468;
460, 377, 1157141941484;
459, 384, 1157141941500;
459, 391, 1157141941515;
459, 398, 1157141941531;
459, 403, 1157141941547;
459, 407, 1157141941547;
459, 408, 1157141941562;
459, 409, 1157141941578;
459, 410, 1157141941593;
459, 412, 1157141941609;
459, 413, 1157141941625;
459, 414, 1157141941640;
459, 416, 1157141941640;
459, 416, 1157141941687;
