453, 354, 1157691248937;
454, 354, 1157691248968;
455, 354, 1157691248968;
456, 353, 1157691248984;
459, 351, 1157691249000;
464, 346, 1157691249015;
469, 339, 1157691249031;
474, 332, 1157691249047;
478, 324, 1157691249062;
484, 315, 1157691249062;
489, 306, 1157691249078;
494, 297, 1157691249093;
501, 288, 1157691249109;
505, 281, 1157691249125;
508, 275, 1157691249140;
511, 269, 1157691249156;
514, 262, 1157691249156;
516, 255, 1157691249172;
518, 250, 1157691249187;
518, 245, 1157691249203;
518, 239, 1157691249218;
518, 234, 1157691249234;
518, 228, 1157691249250;
518, 224, 1157691249250;
518, 222, 1157691249265;
517, 221, 1157691249281;
515, 219, 1157691249297;
513, 219, 1157691249312;
511, 219, 1157691249328;
507, 220, 1157691249343;
504, 222, 1157691249343;
500, 224, 1157691249359;
497, 228, 1157691249375;
496, 231, 1157691249390;
494, 235, 1157691249406;
493, 239, 1157691249422;
493, 242, 1157691249437;
493, 245, 1157691249437;
492, 249, 1157691249453;
492, 253, 1157691249468;
491, 259, 1157691249484;
491, 263, 1157691249500;
490, 267, 1157691249515;
490, 270, 1157691249531;
490, 273, 1157691249547;
490, 277, 1157691249547;
490, 281, 1157691249562;
489, 286, 1157691249578;
489, 289, 1157691249593;
489, 292, 1157691249609;
489, 296, 1157691249625;
489, 299, 1157691249640;
489, 303, 1157691249640;
488, 305, 1157691249656;
488, 307, 1157691249672;
488, 308, 1157691249687;
488, 310, 1157691249703;
488, 311, 1157691249718;
488, 312, 1157691249734;
488, 313, 1157691249734;
488, 315, 1157691249750;
488, 316, 1157691249765;
488, 317, 1157691249781;
488, 318, 1157691249797;
488, 320, 1157691249828;
488, 321, 1157691249828;
488, 322, 1157691249843;
488, 323, 1157691249859;
488, 324, 1157691249875;
489, 326, 1157691249890;
489, 327, 1157691249906;
489, 329, 1157691249922;
490, 331, 1157691249922;
491, 332, 1157691249937;
491, 333, 1157691249953;
492, 333, 1157691249968;
494, 335, 1157691249984;
496, 335, 1157691250000;
498, 336, 1157691250015;
500, 337, 1157691250015;
503, 338, 1157691250031;
505, 338, 1157691250047;
506, 338, 1157691250062;
507, 338, 1157691250078;
509, 338, 1157691250093;
510, 338, 1157691250109;
512, 338, 1157691250125;
513, 336, 1157691250140;
515, 335, 1157691250156;
516, 335, 1157691250172;
516, 334, 1157691250187;
518, 333, 1157691250203;
518, 332, 1157691250250;
519, 331, 1157691250281;
520, 330, 1157691250297;
521, 329, 1157691250297;
522, 328, 1157691250328;
523, 327, 1157691250343;
524, 327, 1157691250359;
524, 325, 1157691250375;
525, 325, 1157691250390;
526, 324, 1157691250390;
526, 323, 1157691250406;
527, 323, 1157691250437;
527, 321, 1157691250453;
527, 320, 1157691250468;
527, 319, 1157691250484;
528, 317, 1157691250562;
528, 316, 1157691250578;
528, 315, 1157691250578;
528, 314, 1157691250593;
529, 312, 1157691250687;
529, 311, 1157691250734;
529, 310, 1157691250812;
529, 310, 1157691250828;
