476, 423, 1157691266140;
477, 423, 1157691266156;
480, 423, 1157691266172;
483, 421, 1157691266187;
486, 419, 1157691266203;
490, 416, 1157691266218;
495, 410, 1157691266234;
505, 396, 1157691266234;
521, 372, 1157691266250;
537, 347, 1157691266265;
547, 329, 1157691266281;
555, 314, 1157691266297;
560, 299, 1157691266312;
563, 289, 1157691266328;
565, 284, 1157691266343;
565, 282, 1157691266343;
565, 281, 1157691266359;
565, 280, 1157691266375;
563, 279, 1157691266406;
562, 279, 1157691266437;
561, 281, 1157691266484;
559, 286, 1157691266500;
557, 292, 1157691266515;
554, 300, 1157691266531;
548, 312, 1157691266531;
542, 330, 1157691266547;
536, 349, 1157691266562;
531, 369, 1157691266578;
527, 385, 1157691266593;
525, 395, 1157691266609;
523, 406, 1157691266625;
522, 414, 1157691266625;
522, 421, 1157691266640;
522, 427, 1157691266656;
522, 432, 1157691266672;
524, 436, 1157691266687;
528, 438, 1157691266703;
533, 440, 1157691266718;
543, 440, 1157691266718;
551, 440, 1157691266734;
559, 435, 1157691266750;
559, 435, 1157691266750;
