463, 429, 1157141840437;
464, 429, 1157141840484;
465, 427, 1157141840515;
467, 423, 1157141840515;
470, 416, 1157141840531;
475, 406, 1157141840547;
480, 388, 1157141840562;
487, 366, 1157141840578;
495, 342, 1157141840593;
500, 322, 1157141840609;
502, 313, 1157141840609;
502, 306, 1157141840625;
502, 304, 1157141840640;
502, 302, 1157141840656;
502, 301, 1157141840672;
501, 301, 1157141840718;
499, 304, 1157141840734;
495, 309, 1157141840750;
491, 316, 1157141840765;
488, 324, 1157141840781;
486, 334, 1157141840797;
484, 343, 1157141840797;
484, 353, 1157141840812;
484, 362, 1157141840828;
484, 373, 1157141840843;
485, 385, 1157141840859;
486, 395, 1157141840875;
486, 406, 1157141840890;
486, 414, 1157141840906;
486, 417, 1157141840906;
486, 418, 1157141840922;
486, 419, 1157141840937;
486, 420, 1157141840953;
486, 422, 1157141840968;
486, 422, 1157141840968;
