499, 440, 1157691275297;
501, 435, 1157691275312;
503, 431, 1157691275328;
503, 429, 1157691275343;
504, 428, 1157691275359;
506, 423, 1157691275375;
506, 420, 1157691275390;
510, 412, 1157691275406;
512, 405, 1157691275422;
516, 394, 1157691275422;
521, 379, 1157691275437;
527, 354, 1157691275453;
533, 330, 1157691275468;
536, 310, 1157691275484;
538, 294, 1157691275500;
538, 284, 1157691275515;
538, 273, 1157691275515;
535, 265, 1157691275531;
534, 259, 1157691275547;
530, 256, 1157691275562;
527, 256, 1157691275578;
526, 255, 1157691275593;
524, 255, 1157691275609;
522, 268, 1157691275672;
521, 277, 1157691275687;
520, 289, 1157691275703;
518, 308, 1157691275703;
518, 327, 1157691275718;
516, 350, 1157691275734;
516, 366, 1157691275750;
518, 384, 1157691275765;
521, 398, 1157691275781;
528, 409, 1157691275797;
538, 418, 1157691275797;
548, 423, 1157691275812;
556, 425, 1157691275828;
563, 425, 1157691275843;
563, 425, 1157691275843;
