456, 414, 1157141846234;
457, 414, 1157141846281;
457, 412, 1157141846312;
459, 411, 1157141846328;
461, 408, 1157141846343;
466, 400, 1157141846343;
473, 390, 1157141846359;
479, 378, 1157141846375;
483, 362, 1157141846390;
488, 351, 1157141846406;
490, 343, 1157141846422;
491, 336, 1157141846437;
492, 330, 1157141846437;
492, 327, 1157141846453;
492, 324, 1157141846468;
492, 322, 1157141846484;
491, 320, 1157141846500;
491, 319, 1157141846515;
490, 318, 1157141846531;
480, 327, 1157141846593;
476, 335, 1157141846609;
471, 345, 1157141846625;
469, 357, 1157141846640;
467, 369, 1157141846640;
467, 380, 1157141846656;
465, 389, 1157141846672;
465, 397, 1157141846687;
465, 406, 1157141846703;
465, 412, 1157141846718;
465, 419, 1157141846718;
465, 424, 1157141846734;
465, 429, 1157141846750;
465, 431, 1157141846765;
465, 431, 1157141846797;
