443, 386, 1157141851390;
443, 387, 1157141851406;
444, 387, 1157141851468;
444, 385, 1157141851484;
446, 383, 1157141851484;
448, 380, 1157141851500;
451, 375, 1157141851515;
455, 370, 1157141851531;
459, 364, 1157141851547;
464, 356, 1157141851562;
467, 348, 1157141851578;
471, 339, 1157141851593;
473, 331, 1157141851593;
474, 322, 1157141851609;
474, 317, 1157141851625;
474, 313, 1157141851640;
474, 311, 1157141851656;
474, 309, 1157141851672;
474, 308, 1157141851672;
473, 308, 1157141851687;
472, 308, 1157141851703;
470, 308, 1157141851718;
469, 308, 1157141851750;
468, 309, 1157141851781;
466, 314, 1157141851781;
461, 321, 1157141851797;
458, 329, 1157141851812;
456, 338, 1157141851828;
456, 346, 1157141851843;
456, 354, 1157141851859;
456, 363, 1157141851875;
456, 371, 1157141851875;
456, 379, 1157141851890;
456, 384, 1157141851906;
456, 387, 1157141851922;
456, 390, 1157141851937;
456, 393, 1157141851953;
456, 394, 1157141851968;
455, 394, 1157141852031;
455, 394, 1157141852031;
