469, 394, 1157141857734;
469, 393, 1157141857781;
470, 392, 1157141857797;
473, 389, 1157141857797;
476, 386, 1157141857812;
479, 381, 1157141857828;
484, 372, 1157141857843;
491, 363, 1157141857859;
498, 351, 1157141857875;
504, 340, 1157141857890;
511, 328, 1157141857906;
518, 315, 1157141857906;
522, 306, 1157141857922;
523, 301, 1157141857937;
523, 298, 1157141857953;
523, 295, 1157141857968;
523, 293, 1157141857984;
522, 293, 1157141858000;
521, 293, 1157141858015;
519, 293, 1157141858031;
515, 296, 1157141858047;
510, 301, 1157141858062;
509, 303, 1157141858078;
508, 305, 1157141858093;
508, 306, 1157141858093;
507, 307, 1157141858109;
505, 313, 1157141858125;
503, 321, 1157141858140;
502, 331, 1157141858156;
500, 341, 1157141858172;
499, 350, 1157141858187;
498, 360, 1157141858187;
497, 369, 1157141858203;
496, 379, 1157141858218;
495, 389, 1157141858234;
495, 399, 1157141858250;
494, 406, 1157141858265;
494, 412, 1157141858281;
494, 416, 1157141858281;
494, 419, 1157141858297;
494, 420, 1157141858328;
494, 420, 1157141858343;
