477, 391, 1157141863812;
478, 391, 1157141863828;
480, 391, 1157141863859;
481, 391, 1157141863890;
482, 390, 1157141863906;
483, 389, 1157141863922;
486, 384, 1157141863922;
490, 375, 1157141863937;
495, 362, 1157141863953;
503, 344, 1157141863968;
513, 321, 1157141863984;
524, 300, 1157141864000;
530, 283, 1157141864015;
535, 272, 1157141864015;
538, 262, 1157141864031;
539, 255, 1157141864047;
539, 253, 1157141864062;
537, 252, 1157141864093;
536, 252, 1157141864109;
534, 252, 1157141864109;
532, 252, 1157141864125;
530, 254, 1157141864140;
528, 259, 1157141864156;
523, 266, 1157141864172;
520, 277, 1157141864187;
517, 288, 1157141864203;
515, 299, 1157141864218;
512, 311, 1157141864218;
510, 324, 1157141864234;
510, 336, 1157141864250;
508, 348, 1157141864265;
507, 358, 1157141864281;
507, 364, 1157141864297;
506, 369, 1157141864297;
506, 370, 1157141864312;
506, 371, 1157141864328;
505, 369, 1157141864390;
505, 367, 1157141864406;
505, 367, 1157141864406;
