493, 396, 1157141870234;
494, 396, 1157141870265;
495, 395, 1157141870281;
496, 393, 1157141870297;
499, 393, 1157141870312;
500, 391, 1157141870312;
502, 389, 1157141870328;
506, 384, 1157141870343;
510, 376, 1157141870359;
515, 365, 1157141870375;
520, 349, 1157141870390;
527, 329, 1157141870406;
530, 317, 1157141870406;
533, 306, 1157141870422;
535, 294, 1157141870437;
536, 285, 1157141870453;
536, 278, 1157141870468;
536, 275, 1157141870484;
535, 273, 1157141870500;
533, 271, 1157141870515;
531, 270, 1157141870515;
530, 270, 1157141870547;
529, 270, 1157141870562;
528, 274, 1157141870593;
527, 279, 1157141870609;
525, 288, 1157141870609;
524, 298, 1157141870625;
522, 308, 1157141870640;
522, 320, 1157141870656;
520, 331, 1157141870672;
520, 340, 1157141870687;
520, 349, 1157141870703;
518, 357, 1157141870703;
518, 365, 1157141870718;
517, 370, 1157141870734;
517, 372, 1157141870750;
517, 373, 1157141870765;
517, 374, 1157141870781;
516, 374, 1157141870828;
515, 375, 1157141870875;
515, 375, 1157141870890;
