473, 402, 1157141876906;
475, 402, 1157141876922;
477, 401, 1157141876937;
478, 400, 1157141876953;
479, 400, 1157141876968;
479, 399, 1157141876984;
481, 397, 1157141877000;
482, 394, 1157141877015;
486, 385, 1157141877015;
492, 374, 1157141877031;
499, 364, 1157141877047;
503, 355, 1157141877062;
507, 342, 1157141877078;
512, 330, 1157141877093;
514, 318, 1157141877093;
516, 306, 1157141877109;
517, 298, 1157141877125;
517, 291, 1157141877140;
517, 287, 1157141877156;
517, 285, 1157141877172;
517, 283, 1157141877187;
516, 283, 1157141877218;
515, 283, 1157141877234;
514, 284, 1157141877265;
513, 286, 1157141877281;
510, 292, 1157141877297;
507, 301, 1157141877297;
502, 315, 1157141877312;
497, 331, 1157141877328;
492, 348, 1157141877343;
490, 361, 1157141877359;
488, 375, 1157141877375;
487, 388, 1157141877390;
486, 400, 1157141877390;
486, 412, 1157141877406;
486, 421, 1157141877422;
486, 429, 1157141877437;
486, 431, 1157141877453;
486, 433, 1157141877468;
486, 433, 1157141877500;
