484, 392, 1157141883328;
485, 391, 1157141883406;
487, 388, 1157141883422;
490, 384, 1157141883437;
493, 377, 1157141883453;
498, 367, 1157141883453;
506, 351, 1157141883468;
515, 326, 1157141883484;
522, 308, 1157141883500;
526, 294, 1157141883515;
529, 285, 1157141883531;
529, 278, 1157141883547;
529, 274, 1157141883547;
529, 271, 1157141883562;
528, 268, 1157141883578;
526, 268, 1157141883593;
526, 266, 1157141883609;
524, 266, 1157141883625;
523, 266, 1157141883640;
522, 267, 1157141883656;
520, 270, 1157141883672;
517, 277, 1157141883687;
512, 288, 1157141883703;
509, 302, 1157141883718;
507, 317, 1157141883734;
505, 330, 1157141883734;
504, 342, 1157141883750;
504, 351, 1157141883765;
502, 361, 1157141883781;
502, 370, 1157141883797;
502, 377, 1157141883812;
502, 381, 1157141883828;
502, 382, 1157141883828;
502, 383, 1157141883843;
501, 383, 1157141883859;
501, 383, 1157141883859;
