408, 350, 1157141949000;
408, 351, 1157141949015;
408, 353, 1157141949031;
408, 354, 1157141949047;
409, 357, 1157141949062;
411, 362, 1157141949078;
412, 367, 1157141949093;
413, 374, 1157141949093;
414, 382, 1157141949109;
416, 391, 1157141949125;
417, 397, 1157141949140;
417, 402, 1157141949156;
417, 404, 1157141949172;
417, 405, 1157141949187;
417, 406, 1157141949203;
417, 403, 1157141949250;
417, 400, 1157141949265;
417, 397, 1157141949281;
417, 391, 1157141949297;
419, 381, 1157141949297;
420, 372, 1157141949312;
422, 366, 1157141949328;
422, 362, 1157141949343;
423, 360, 1157141949359;
425, 360, 1157141949375;
425, 359, 1157141949390;
427, 359, 1157141949390;
428, 359, 1157141949406;
431, 359, 1157141949422;
433, 359, 1157141949437;
436, 363, 1157141949453;
440, 366, 1157141949468;
441, 371, 1157141949484;
443, 375, 1157141949484;
444, 380, 1157141949500;
445, 385, 1157141949515;
446, 388, 1157141949531;
446, 389, 1157141949547;
446, 390, 1157141949562;
446, 388, 1157141949609;
446, 385, 1157141949640;
447, 378, 1157141949656;
449, 369, 1157141949672;
454, 360, 1157141949672;
456, 355, 1157141949687;
457, 354, 1157141949703;
458, 354, 1157141949718;
459, 354, 1157141949734;
460, 354, 1157141949750;
462, 354, 1157141949765;
465, 356, 1157141949765;
469, 358, 1157141949781;
471, 363, 1157141949797;
474, 368, 1157141949812;
475, 372, 1157141949828;
476, 378, 1157141949843;
476, 386, 1157141949859;
476, 393, 1157141949859;
476, 399, 1157141949875;
476, 402, 1157141949890;
476, 405, 1157141949906;
476, 405, 1157141949937;
