441, 353, 1157142018062;
442, 355, 1157142018078;
443, 357, 1157142018078;
443, 360, 1157142018093;
443, 363, 1157142018109;
443, 369, 1157142018125;
443, 376, 1157142018140;
443, 383, 1157142018156;
444, 388, 1157142018172;
444, 391, 1157142018172;
444, 393, 1157142018187;
444, 391, 1157142018265;
444, 390, 1157142018265;
444, 388, 1157142018281;
444, 385, 1157142018297;
445, 383, 1157142018312;
446, 377, 1157142018328;
449, 369, 1157142018343;
452, 361, 1157142018359;
455, 356, 1157142018359;
457, 353, 1157142018375;
457, 351, 1157142018390;
458, 350, 1157142018437;
460, 350, 1157142018453;
461, 349, 1157142018453;
463, 349, 1157142018468;
466, 349, 1157142018484;
468, 349, 1157142018500;
471, 350, 1157142018515;
474, 352, 1157142018531;
477, 357, 1157142018547;
478, 363, 1157142018562;
480, 369, 1157142018562;
480, 372, 1157142018578;
480, 374, 1157142018593;
480, 375, 1157142018640;
480, 373, 1157142018687;
480, 371, 1157142018718;
482, 367, 1157142018734;
485, 362, 1157142018734;
488, 357, 1157142018750;
492, 353, 1157142018765;
496, 350, 1157142018781;
498, 348, 1157142018797;
501, 348, 1157142018812;
502, 348, 1157142018828;
504, 348, 1157142018828;
504, 350, 1157142018843;
506, 352, 1157142018859;
507, 354, 1157142018875;
508, 357, 1157142018890;
509, 360, 1157142018906;
510, 364, 1157142018922;
511, 368, 1157142018922;
511, 372, 1157142018937;
511, 376, 1157142018953;
511, 379, 1157142018968;
511, 381, 1157142018984;
511, 382, 1157142019015;
511, 382, 1157142019031;
