469, 291, 1157142027281;
469, 292, 1157142027312;
469, 294, 1157142027343;
469, 298, 1157142027359;
469, 303, 1157142027359;
470, 308, 1157142027375;
471, 316, 1157142027390;
471, 324, 1157142027406;
471, 331, 1157142027422;
471, 337, 1157142027437;
471, 340, 1157142027453;
471, 342, 1157142027453;
471, 340, 1157142027515;
471, 338, 1157142027531;
471, 335, 1157142027547;
471, 333, 1157142027547;
472, 330, 1157142027562;
475, 323, 1157142027578;
481, 314, 1157142027593;
485, 308, 1157142027609;
487, 305, 1157142027625;
489, 303, 1157142027640;
490, 302, 1157142027640;
491, 302, 1157142027656;
492, 302, 1157142027672;
493, 302, 1157142027687;
494, 302, 1157142027703;
496, 302, 1157142027718;
498, 302, 1157142027734;
500, 303, 1157142027734;
502, 305, 1157142027750;
504, 307, 1157142027765;
504, 309, 1157142027781;
505, 312, 1157142027797;
506, 315, 1157142027812;
506, 318, 1157142027828;
506, 321, 1157142027828;
506, 324, 1157142027843;
506, 326, 1157142027859;
506, 327, 1157142027875;
506, 326, 1157142027937;
506, 325, 1157142027953;
506, 323, 1157142027968;
509, 319, 1157142027984;
510, 316, 1157142028000;
513, 312, 1157142028015;
514, 310, 1157142028015;
516, 309, 1157142028031;
516, 308, 1157142028047;
517, 308, 1157142028062;
518, 308, 1157142028078;
519, 308, 1157142028093;
520, 309, 1157142028109;
522, 309, 1157142028109;
524, 310, 1157142028125;
526, 312, 1157142028140;
527, 313, 1157142028156;
529, 315, 1157142028172;
530, 317, 1157142028187;
530, 319, 1157142028203;
531, 321, 1157142028203;
532, 324, 1157142028218;
533, 327, 1157142028234;
533, 330, 1157142028250;
533, 334, 1157142028265;
533, 337, 1157142028281;
533, 337, 1157142028281;
