417, 324, 1157142033797;
418, 325, 1157142033828;
421, 327, 1157142033843;
422, 329, 1157142033843;
424, 331, 1157142033859;
425, 335, 1157142033875;
427, 337, 1157142033890;
429, 341, 1157142033906;
429, 344, 1157142033922;
430, 350, 1157142033937;
430, 354, 1157142033937;
430, 356, 1157142033953;
430, 357, 1157142033968;
430, 358, 1157142033984;
430, 354, 1157142034031;
429, 352, 1157142034047;
429, 349, 1157142034062;
429, 346, 1157142034078;
429, 343, 1157142034093;
429, 339, 1157142034109;
429, 336, 1157142034125;
431, 332, 1157142034125;
432, 331, 1157142034140;
434, 329, 1157142034156;
435, 328, 1157142034172;
437, 328, 1157142034187;
438, 328, 1157142034203;
440, 328, 1157142034218;
440, 330, 1157142034234;
441, 333, 1157142034250;
442, 336, 1157142034265;
443, 341, 1157142034281;
444, 343, 1157142034297;
444, 345, 1157142034312;
444, 346, 1157142034312;
444, 347, 1157142034328;
444, 345, 1157142034390;
444, 342, 1157142034422;
446, 338, 1157142034422;
450, 332, 1157142034437;
454, 328, 1157142034453;
458, 325, 1157142034468;
461, 324, 1157142034484;
462, 324, 1157142034500;
463, 324, 1157142034500;
464, 325, 1157142034515;
465, 327, 1157142034531;
465, 328, 1157142034547;
466, 331, 1157142034562;
467, 335, 1157142034578;
468, 339, 1157142034593;
468, 343, 1157142034609;
469, 348, 1157142034609;
470, 352, 1157142034625;
471, 354, 1157142034640;
471, 355, 1157142034656;
469, 355, 1157142034703;
469, 355, 1157142034703;
