402, 344, 1157142039031;
403, 346, 1157142039093;
405, 348, 1157142039109;
407, 351, 1157142039125;
409, 353, 1157142039140;
412, 356, 1157142039156;
415, 361, 1157142039172;
417, 366, 1157142039187;
418, 370, 1157142039187;
419, 374, 1157142039203;
420, 377, 1157142039218;
420, 378, 1157142039250;
420, 377, 1157142039359;
420, 376, 1157142039375;
420, 374, 1157142039390;
420, 373, 1157142039406;
420, 371, 1157142039422;
420, 368, 1157142039437;
420, 366, 1157142039453;
421, 363, 1157142039468;
422, 361, 1157142039468;
423, 359, 1157142039484;
425, 357, 1157142039500;
426, 355, 1157142039515;
427, 355, 1157142039531;
427, 354, 1157142039547;
428, 354, 1157142039562;
429, 354, 1157142039578;
430, 354, 1157142039593;
431, 354, 1157142039609;
434, 356, 1157142039625;
435, 357, 1157142039640;
437, 359, 1157142039656;
438, 361, 1157142039656;
439, 363, 1157142039672;
440, 365, 1157142039687;
440, 366, 1157142039703;
440, 369, 1157142039718;
440, 370, 1157142039734;
440, 371, 1157142039750;
440, 372, 1157142039750;
440, 373, 1157142039781;
440, 371, 1157142039843;
440, 370, 1157142039875;
440, 367, 1157142039890;
440, 365, 1157142039906;
440, 362, 1157142039922;
440, 360, 1157142039937;
440, 358, 1157142039937;
441, 357, 1157142039953;
443, 356, 1157142040000;
444, 356, 1157142040031;
446, 356, 1157142040031;
448, 356, 1157142040062;
450, 357, 1157142040078;
451, 358, 1157142040093;
452, 359, 1157142040109;
454, 360, 1157142040125;
455, 361, 1157142040140;
456, 362, 1157142040140;
457, 365, 1157142040156;
457, 367, 1157142040172;
457, 369, 1157142040187;
457, 371, 1157142040203;
457, 373, 1157142040218;
457, 374, 1157142040234;
457, 374, 1157142040265;
