385, 351, 1157142047297;
385, 352, 1157142047343;
386, 352, 1157142047359;
387, 354, 1157142047375;
389, 356, 1157142047390;
390, 358, 1157142047390;
392, 362, 1157142047406;
394, 367, 1157142047422;
396, 372, 1157142047437;
398, 377, 1157142047453;
400, 383, 1157142047468;
401, 386, 1157142047484;
401, 388, 1157142047484;
401, 389, 1157142047515;
401, 385, 1157142047562;
400, 383, 1157142047578;
400, 379, 1157142047578;
399, 376, 1157142047593;
399, 373, 1157142047609;
399, 370, 1157142047625;
399, 368, 1157142047640;
399, 365, 1157142047656;
400, 364, 1157142047672;
402, 362, 1157142047672;
404, 361, 1157142047687;
405, 360, 1157142047703;
407, 359, 1157142047718;
409, 358, 1157142047734;
410, 358, 1157142047750;
411, 358, 1157142047765;
412, 358, 1157142047781;
412, 359, 1157142047797;
413, 359, 1157142047812;
414, 360, 1157142047828;
415, 362, 1157142047843;
416, 364, 1157142047859;
418, 366, 1157142047859;
419, 370, 1157142047875;
422, 373, 1157142047890;
423, 376, 1157142047906;
423, 379, 1157142047922;
424, 382, 1157142047937;
425, 384, 1157142047953;
425, 383, 1157142048031;
423, 380, 1157142048047;
422, 376, 1157142048062;
422, 372, 1157142048062;
422, 370, 1157142048078;
422, 367, 1157142048093;
422, 366, 1157142048109;
422, 365, 1157142048125;
423, 363, 1157142048140;
424, 361, 1157142048140;
425, 361, 1157142048156;
426, 360, 1157142048172;
428, 360, 1157142048187;
429, 360, 1157142048218;
431, 360, 1157142048234;
432, 360, 1157142048250;
433, 361, 1157142048250;
434, 362, 1157142048265;
436, 363, 1157142048281;
437, 364, 1157142048297;
438, 367, 1157142048312;
440, 369, 1157142048328;
441, 371, 1157142048343;
442, 372, 1157142048343;
444, 375, 1157142048359;
444, 378, 1157142048375;
445, 381, 1157142048390;
446, 383, 1157142048406;
446, 383, 1157142048406;
