400, 302, 1157142056156;
400, 306, 1157142056172;
400, 309, 1157142056172;
400, 312, 1157142056187;
400, 315, 1157142056203;
400, 316, 1157142056218;
400, 318, 1157142056234;
400, 317, 1157142056531;
400, 316, 1157142056547;
400, 315, 1157142056562;
400, 313, 1157142056593;
400, 311, 1157142056609;
401, 309, 1157142056625;
403, 305, 1157142056640;
403, 303, 1157142056656;
404, 302, 1157142056656;
405, 302, 1157142056672;
406, 302, 1157142056703;
408, 302, 1157142056734;
408, 301, 1157142056750;
409, 301, 1157142056750;
410, 300, 1157142056765;
412, 300, 1157142056781;
413, 300, 1157142056797;
414, 300, 1157142056812;
416, 300, 1157142056828;
418, 300, 1157142056843;
419, 301, 1157142056859;
420, 303, 1157142056875;
420, 305, 1157142056890;
420, 307, 1157142056906;
420, 310, 1157142056922;
420, 312, 1157142056937;
420, 314, 1157142056937;
420, 315, 1157142056953;
420, 313, 1157142057031;
420, 312, 1157142057047;
420, 311, 1157142057062;
420, 310, 1157142057078;
420, 308, 1157142057109;
421, 306, 1157142057125;
422, 303, 1157142057125;
425, 300, 1157142057140;
427, 298, 1157142057156;
428, 298, 1157142057172;
429, 298, 1157142057187;
430, 298, 1157142057203;
431, 298, 1157142057218;
434, 298, 1157142057218;
435, 299, 1157142057234;
437, 300, 1157142057250;
438, 301, 1157142057265;
439, 302, 1157142057281;
439, 304, 1157142057297;
441, 305, 1157142057312;
441, 307, 1157142057328;
442, 310, 1157142057328;
442, 312, 1157142057343;
442, 313, 1157142057359;
442, 314, 1157142057375;
442, 315, 1157142057390;
442, 316, 1157142057437;
442, 317, 1157142057468;
442, 317, 1157142057515;
