405, 340, 1157142062531;
405, 341, 1157142062578;
406, 345, 1157142062593;
407, 351, 1157142062609;
409, 356, 1157142062625;
410, 366, 1157142062640;
410, 376, 1157142062656;
410, 382, 1157142062672;
410, 385, 1157142062687;
410, 386, 1157142062687;
410, 387, 1157142062703;
410, 385, 1157142062765;
410, 382, 1157142062781;
410, 379, 1157142062781;
410, 372, 1157142062797;
412, 365, 1157142062812;
414, 360, 1157142062828;
416, 354, 1157142062843;
420, 348, 1157142062859;
423, 343, 1157142062875;
427, 340, 1157142062875;
429, 338, 1157142062890;
431, 338, 1157142062906;
432, 338, 1157142062922;
434, 338, 1157142062937;
435, 338, 1157142062953;
437, 340, 1157142062968;
439, 344, 1157142062968;
442, 350, 1157142062984;
444, 354, 1157142063000;
445, 359, 1157142063015;
446, 362, 1157142063031;
447, 364, 1157142063047;
447, 365, 1157142063062;
447, 366, 1157142063062;
447, 367, 1157142063093;
447, 365, 1157142063187;
447, 363, 1157142063218;
450, 357, 1157142063234;
451, 354, 1157142063250;
457, 348, 1157142063265;
459, 345, 1157142063265;
463, 342, 1157142063281;
464, 341, 1157142063297;
466, 341, 1157142063312;
467, 341, 1157142063328;
468, 342, 1157142063343;
469, 343, 1157142063343;
470, 345, 1157142063359;
472, 348, 1157142063375;
472, 351, 1157142063390;
474, 353, 1157142063406;
476, 356, 1157142063422;
477, 358, 1157142063437;
478, 361, 1157142063453;
479, 364, 1157142063453;
479, 368, 1157142063468;
479, 372, 1157142063484;
479, 376, 1157142063500;
479, 379, 1157142063515;
479, 382, 1157142063531;
479, 384, 1157142063547;
479, 386, 1157142063547;
479, 388, 1157142063562;
479, 388, 1157142063593;
