388, 397, 1157142069125;
389, 398, 1157142069156;
390, 401, 1157142069172;
391, 404, 1157142069187;
392, 410, 1157142069203;
393, 415, 1157142069218;
393, 423, 1157142069218;
393, 430, 1157142069234;
393, 435, 1157142069250;
393, 438, 1157142069265;
393, 439, 1157142069281;
393, 437, 1157142069328;
393, 431, 1157142069343;
393, 424, 1157142069359;
395, 415, 1157142069375;
398, 405, 1157142069390;
402, 395, 1157142069406;
409, 387, 1157142069406;
413, 382, 1157142069422;
416, 380, 1157142069437;
418, 380, 1157142069453;
420, 380, 1157142069468;
421, 380, 1157142069484;
422, 382, 1157142069500;
424, 385, 1157142069500;
425, 390, 1157142069515;
425, 396, 1157142069531;
425, 402, 1157142069547;
426, 406, 1157142069562;
426, 410, 1157142069578;
426, 412, 1157142069593;
426, 413, 1157142069609;
426, 414, 1157142069609;
426, 412, 1157142069672;
426, 411, 1157142069687;
427, 408, 1157142069687;
431, 401, 1157142069703;
439, 391, 1157142069718;
448, 381, 1157142069734;
454, 374, 1157142069750;
457, 373, 1157142069765;
460, 373, 1157142069781;
462, 374, 1157142069797;
463, 375, 1157142069797;
465, 379, 1157142069812;
467, 384, 1157142069828;
469, 393, 1157142069843;
471, 401, 1157142069859;
472, 413, 1157142069875;
473, 425, 1157142069890;
473, 436, 1157142069890;
473, 441, 1157142069906;
473, 444, 1157142069922;
473, 445, 1157142069937;
473, 445, 1157142069937;
