414, 444, 1157691285656;
414, 442, 1157691285703;
414, 438, 1157691285718;
414, 434, 1157691285734;
414, 427, 1157691285734;
415, 419, 1157691285750;
417, 407, 1157691285765;
423, 391, 1157691285781;
432, 368, 1157691285797;
443, 352, 1157691285812;
449, 343, 1157691285828;
455, 336, 1157691285828;
459, 332, 1157691285843;
463, 330, 1157691285859;
467, 330, 1157691285875;
470, 330, 1157691285890;
473, 333, 1157691285906;
477, 339, 1157691285922;
480, 346, 1157691285922;
484, 357, 1157691285937;
485, 369, 1157691285953;
486, 380, 1157691285968;
486, 389, 1157691285984;
486, 395, 1157691286000;
486, 398, 1157691286015;
486, 399, 1157691286031;
486, 397, 1157691286078;
486, 394, 1157691286093;
487, 386, 1157691286109;
494, 366, 1157691286109;
506, 338, 1157691286125;
517, 312, 1157691286140;
525, 294, 1157691286156;
532, 286, 1157691286172;
536, 281, 1157691286187;
541, 278, 1157691286203;
547, 278, 1157691286203;
551, 278, 1157691286218;
555, 279, 1157691286234;
560, 283, 1157691286250;
564, 289, 1157691286265;
567, 296, 1157691286281;
569, 307, 1157691286297;
570, 320, 1157691286312;
571, 334, 1157691286312;
573, 348, 1157691286328;
573, 365, 1157691286343;
573, 365, 1157691286343;
