471, 443, 1157691301390;
472, 441, 1157691301484;
472, 438, 1157691301484;
473, 435, 1157691301500;
475, 429, 1157691301515;
477, 425, 1157691301531;
478, 421, 1157691301547;
481, 417, 1157691301562;
485, 412, 1157691301578;
489, 406, 1157691301578;
493, 401, 1157691301593;
496, 398, 1157691301609;
498, 396, 1157691301625;
500, 394, 1157691301640;
502, 392, 1157691301656;
504, 390, 1157691301672;
506, 389, 1157691301687;
508, 388, 1157691301687;
511, 387, 1157691301703;
515, 387, 1157691301718;
520, 387, 1157691301734;
525, 387, 1157691301750;
528, 388, 1157691301765;
531, 390, 1157691301765;
532, 393, 1157691301781;
534, 395, 1157691301797;
535, 397, 1157691301812;
536, 400, 1157691301828;
537, 405, 1157691301843;
537, 411, 1157691301859;
537, 418, 1157691301875;
537, 425, 1157691301875;
537, 432, 1157691301890;
537, 437, 1157691301906;
537, 439, 1157691301922;
537, 441, 1157691301937;
537, 435, 1157691302015;
538, 428, 1157691302031;
540, 421, 1157691302047;
543, 411, 1157691302047;
549, 403, 1157691302062;
553, 394, 1157691302078;
559, 387, 1157691302093;
566, 380, 1157691302109;
571, 373, 1157691302125;
574, 371, 1157691302140;
577, 369, 1157691302156;
580, 369, 1157691302156;
583, 369, 1157691302172;
589, 371, 1157691302203;
593, 375, 1157691302218;
595, 379, 1157691302234;
600, 396, 1157691302265;
600, 404, 1157691302281;
600, 412, 1157691302297;
600, 422, 1157691302312;
600, 430, 1157691302328;
600, 439, 1157691302343;
600, 446, 1157691302343;
600, 451, 1157691302359;
600, 453, 1157691302375;
600, 455, 1157691302390;
600, 456, 1157691302406;
600, 456, 1157691302406;
