402, 358, 1157141965203;
402, 359, 1157141965250;
402, 362, 1157141965265;
402, 366, 1157141965281;
402, 372, 1157141965297;
402, 379, 1157141965297;
404, 388, 1157141965312;
404, 393, 1157141965328;
404, 396, 1157141965343;
404, 397, 1157141965359;
404, 398, 1157141965375;
404, 399, 1157141965390;
404, 397, 1157141965422;
404, 395, 1157141965437;
404, 392, 1157141965453;
407, 385, 1157141965468;
412, 376, 1157141965484;
417, 365, 1157141965484;
422, 358, 1157141965500;
425, 356, 1157141965515;
426, 356, 1157141965531;
427, 356, 1157141965547;
428, 356, 1157141965562;
429, 356, 1157141965578;
431, 358, 1157141965578;
432, 361, 1157141965593;
434, 365, 1157141965609;
436, 372, 1157141965625;
438, 380, 1157141965640;
439, 387, 1157141965656;
440, 393, 1157141965672;
440, 396, 1157141965672;
440, 397, 1157141965687;
440, 398, 1157141965703;
440, 396, 1157141965812;
440, 395, 1157141965859;
440, 394, 1157141965890;
440, 392, 1157141965906;
442, 390, 1157141965922;
442, 388, 1157141965937;
446, 382, 1157141965953;
449, 376, 1157141965968;
451, 372, 1157141965968;
452, 370, 1157141965984;
453, 370, 1157141966000;
454, 370, 1157141966047;
455, 372, 1157141966047;
456, 373, 1157141966062;
457, 377, 1157141966078;
459, 382, 1157141966093;
460, 388, 1157141966109;
461, 394, 1157141966125;
461, 398, 1157141966140;
461, 402, 1157141966156;
461, 403, 1157141966156;
461, 404, 1157141966172;
461, 405, 1157141966187;
461, 405, 1157141966203;
