464, 371, 1157691309968;
465, 372, 1157691310015;
467, 375, 1157691310031;
469, 377, 1157691310047;
471, 379, 1157691310047;
472, 383, 1157691310062;
475, 388, 1157691310078;
477, 395, 1157691310093;
479, 401, 1157691310109;
480, 408, 1157691310125;
481, 412, 1157691310140;
482, 415, 1157691310140;
482, 416, 1157691310156;
482, 417, 1157691310172;
482, 415, 1157691310234;
482, 413, 1157691310234;
482, 409, 1157691310250;
482, 404, 1157691310265;
482, 397, 1157691310281;
482, 390, 1157691310297;
483, 381, 1157691310312;
486, 372, 1157691310328;
487, 367, 1157691310328;
488, 364, 1157691310343;
491, 361, 1157691310359;
492, 360, 1157691310375;
493, 359, 1157691310390;
496, 358, 1157691310406;
499, 358, 1157691310422;
501, 358, 1157691310422;
503, 359, 1157691310437;
505, 362, 1157691310453;
507, 367, 1157691310468;
509, 373, 1157691310484;
511, 380, 1157691310500;
512, 388, 1157691310515;
513, 396, 1157691310531;
514, 402, 1157691310531;
515, 406, 1157691310547;
515, 409, 1157691310562;
515, 410, 1157691310593;
515, 408, 1157691310625;
515, 405, 1157691310640;
515, 401, 1157691310656;
515, 398, 1157691310672;
515, 393, 1157691310687;
516, 389, 1157691310703;
519, 384, 1157691310703;
522, 381, 1157691310718;
525, 377, 1157691310734;
529, 375, 1157691310750;
532, 375, 1157691310765;
534, 375, 1157691310781;
536, 375, 1157691310797;
538, 377, 1157691310812;
541, 380, 1157691310812;
543, 386, 1157691310828;
544, 392, 1157691310843;
546, 400, 1157691310859;
547, 407, 1157691310875;
547, 415, 1157691310890;
549, 422, 1157691310906;
549, 429, 1157691310906;
549, 429, 1157691310906;
