433, 310, 1157141970422;
434, 314, 1157141970453;
435, 319, 1157141970453;
436, 326, 1157141970468;
437, 333, 1157141970484;
438, 341, 1157141970500;
439, 355, 1157141970515;
440, 367, 1157141970531;
440, 375, 1157141970547;
440, 379, 1157141970547;
440, 380, 1157141970562;
440, 381, 1157141970578;
440, 374, 1157141970640;
440, 364, 1157141970640;
443, 346, 1157141970656;
447, 330, 1157141970672;
451, 321, 1157141970687;
454, 313, 1157141970703;
456, 311, 1157141970718;
457, 310, 1157141970734;
458, 310, 1157141970734;
460, 311, 1157141970750;
461, 312, 1157141970765;
462, 314, 1157141970781;
463, 315, 1157141970797;
466, 317, 1157141970812;
468, 321, 1157141970828;
471, 326, 1157141970828;
473, 333, 1157141970843;
474, 341, 1157141970859;
476, 349, 1157141970875;
477, 356, 1157141970890;
477, 359, 1157141970906;
477, 360, 1157141970922;
477, 361, 1157141970922;
477, 359, 1157141970968;
477, 358, 1157141971000;
477, 357, 1157141971031;
477, 356, 1157141971047;
477, 355, 1157141971062;
477, 350, 1157141971078;
478, 344, 1157141971093;
480, 339, 1157141971109;
482, 334, 1157141971125;
483, 331, 1157141971125;
484, 330, 1157141971140;
485, 330, 1157141971172;
485, 331, 1157141971187;
487, 333, 1157141971203;
488, 336, 1157141971218;
490, 341, 1157141971218;
490, 349, 1157141971234;
490, 356, 1157141971250;
490, 360, 1157141971265;
490, 362, 1157141971281;
490, 363, 1157141971297;
490, 364, 1157141971312;
490, 364, 1157141971312;
