403, 333, 1157141975640;
403, 335, 1157141975656;
405, 337, 1157141975672;
407, 341, 1157141975687;
409, 350, 1157141975703;
412, 359, 1157141975718;
415, 373, 1157141975718;
416, 385, 1157141975734;
417, 392, 1157141975750;
418, 395, 1157141975765;
418, 396, 1157141975781;
418, 397, 1157141975797;
418, 395, 1157141975828;
418, 392, 1157141975843;
418, 384, 1157141975859;
421, 372, 1157141975875;
423, 361, 1157141975890;
426, 352, 1157141975906;
429, 345, 1157141975906;
432, 341, 1157141975922;
433, 340, 1157141975937;
433, 339, 1157141975953;
434, 339, 1157141975968;
436, 339, 1157141975984;
438, 339, 1157141975984;
439, 339, 1157141976000;
441, 340, 1157141976015;
444, 341, 1157141976031;
445, 344, 1157141976047;
447, 347, 1157141976062;
448, 349, 1157141976078;
449, 353, 1157141976093;
449, 357, 1157141976093;
449, 362, 1157141976109;
449, 367, 1157141976125;
449, 373, 1157141976140;
449, 377, 1157141976156;
449, 380, 1157141976172;
449, 381, 1157141976187;
449, 382, 1157141976187;
449, 378, 1157141976250;
449, 371, 1157141976265;
450, 361, 1157141976281;
451, 350, 1157141976281;
454, 340, 1157141976297;
456, 332, 1157141976312;
458, 329, 1157141976328;
458, 328, 1157141976343;
459, 327, 1157141976359;
461, 327, 1157141976375;
462, 327, 1157141976390;
464, 327, 1157141976406;
466, 328, 1157141976422;
468, 329, 1157141976437;
470, 331, 1157141976453;
473, 333, 1157141976468;
474, 336, 1157141976468;
474, 340, 1157141976484;
475, 344, 1157141976500;
476, 349, 1157141976515;
476, 356, 1157141976531;
476, 364, 1157141976547;
476, 368, 1157141976562;
476, 371, 1157141976578;
476, 373, 1157141976578;
476, 374, 1157141976593;
473, 371, 1157141976656;
473, 371, 1157141976656;
