426, 330, 1157141981297;
426, 332, 1157141981328;
426, 334, 1157141981343;
426, 338, 1157141981343;
426, 341, 1157141981359;
426, 345, 1157141981375;
426, 352, 1157141981390;
427, 358, 1157141981406;
428, 365, 1157141981422;
430, 370, 1157141981437;
431, 376, 1157141981437;
431, 379, 1157141981453;
431, 380, 1157141981468;
432, 378, 1157141981531;
432, 377, 1157141981547;
432, 375, 1157141981547;
432, 372, 1157141981562;
432, 367, 1157141981578;
434, 361, 1157141981593;
438, 350, 1157141981609;
441, 340, 1157141981625;
443, 334, 1157141981640;
443, 333, 1157141981640;
444, 332, 1157141981656;
446, 334, 1157141981734;
448, 335, 1157141981750;
449, 337, 1157141981765;
451, 340, 1157141981781;
453, 344, 1157141981797;
455, 348, 1157141981812;
456, 353, 1157141981828;
457, 356, 1157141981828;
457, 359, 1157141981843;
457, 361, 1157141981859;
458, 362, 1157141981875;
458, 360, 1157141981937;
458, 357, 1157141981953;
459, 350, 1157141981968;
461, 341, 1157141981984;
463, 332, 1157141982000;
466, 327, 1157141982015;
469, 322, 1157141982015;
471, 321, 1157141982031;
472, 321, 1157141982062;
473, 321, 1157141982078;
475, 322, 1157141982093;
477, 324, 1157141982109;
480, 328, 1157141982109;
483, 334, 1157141982125;
485, 341, 1157141982140;
487, 346, 1157141982156;
488, 352, 1157141982172;
489, 356, 1157141982187;
490, 359, 1157141982203;
490, 362, 1157141982203;
490, 362, 1157141982203;
