417, 280, 1157141986656;
417, 283, 1157141986672;
418, 288, 1157141986687;
419, 295, 1157141986687;
420, 303, 1157141986703;
420, 313, 1157141986718;
421, 324, 1157141986734;
421, 335, 1157141986750;
421, 344, 1157141986765;
421, 351, 1157141986781;
421, 353, 1157141986797;
421, 354, 1157141986797;
421, 349, 1157141986859;
421, 345, 1157141986875;
422, 334, 1157141986875;
425, 319, 1157141986890;
431, 304, 1157141986906;
438, 291, 1157141986922;
444, 283, 1157141986937;
448, 276, 1157141986953;
449, 274, 1157141986968;
451, 273, 1157141986984;
454, 271, 1157141986984;
456, 271, 1157141987000;
457, 270, 1157141987015;
459, 270, 1157141987031;
460, 270, 1157141987047;
461, 272, 1157141987062;
462, 277, 1157141987078;
463, 284, 1157141987078;
464, 290, 1157141987093;
465, 300, 1157141987109;
466, 309, 1157141987125;
466, 316, 1157141987140;
466, 319, 1157141987156;
466, 320, 1157141987172;
466, 321, 1157141987172;
466, 319, 1157141987250;
466, 314, 1157141987265;
471, 303, 1157141987265;
478, 289, 1157141987281;
486, 277, 1157141987297;
491, 270, 1157141987312;
494, 267, 1157141987328;
496, 265, 1157141987343;
498, 265, 1157141987359;
500, 265, 1157141987375;
501, 267, 1157141987375;
503, 269, 1157141987390;
505, 275, 1157141987406;
507, 281, 1157141987422;
509, 288, 1157141987437;
510, 300, 1157141987453;
510, 313, 1157141987453;
510, 325, 1157141987468;
510, 330, 1157141987484;
509, 333, 1157141987500;
509, 334, 1157141987515;
508, 334, 1157141987531;
508, 334, 1157141987547;
