426, 301, 1157141992172;
426, 303, 1157141992234;
426, 307, 1157141992250;
426, 314, 1157141992265;
426, 322, 1157141992281;
427, 333, 1157141992297;
428, 342, 1157141992312;
428, 350, 1157141992328;
429, 358, 1157141992328;
429, 364, 1157141992343;
429, 365, 1157141992359;
429, 366, 1157141992375;
429, 364, 1157141992422;
429, 361, 1157141992422;
430, 357, 1157141992437;
432, 350, 1157141992453;
435, 344, 1157141992468;
438, 338, 1157141992484;
443, 331, 1157141992500;
449, 323, 1157141992515;
453, 320, 1157141992531;
456, 317, 1157141992531;
458, 316, 1157141992547;
460, 316, 1157141992562;
461, 317, 1157141992578;
463, 318, 1157141992593;
465, 322, 1157141992609;
467, 326, 1157141992625;
469, 332, 1157141992625;
471, 339, 1157141992640;
473, 345, 1157141992656;
474, 348, 1157141992672;
474, 349, 1157141992687;
474, 350, 1157141992703;
474, 346, 1157141992750;
476, 338, 1157141992765;
480, 328, 1157141992781;
484, 319, 1157141992797;
488, 313, 1157141992812;
492, 311, 1157141992812;
494, 309, 1157141992828;
496, 308, 1157141992843;
498, 308, 1157141992859;
500, 310, 1157141992875;
502, 314, 1157141992890;
505, 319, 1157141992906;
508, 323, 1157141992906;
510, 329, 1157141992922;
513, 336, 1157141992937;
515, 343, 1157141992953;
517, 349, 1157141992968;
517, 355, 1157141992984;
517, 357, 1157141993000;
517, 358, 1157141993015;
514, 354, 1157141993078;
514, 354, 1157141993078;
