457, 303, 1157141998125;
457, 304, 1157141998156;
457, 308, 1157141998172;
457, 314, 1157141998172;
454, 323, 1157141998187;
453, 335, 1157141998203;
451, 347, 1157141998218;
450, 356, 1157141998234;
449, 362, 1157141998250;
449, 365, 1157141998265;
449, 366, 1157141998281;
449, 367, 1157141998281;
449, 365, 1157141998328;
449, 364, 1157141998343;
449, 362, 1157141998359;
452, 358, 1157141998359;
456, 350, 1157141998375;
460, 343, 1157141998390;
467, 334, 1157141998406;
475, 327, 1157141998422;
481, 323, 1157141998437;
486, 322, 1157141998453;
488, 322, 1157141998468;
490, 322, 1157141998468;
492, 323, 1157141998484;
495, 325, 1157141998500;
496, 329, 1157141998515;
498, 336, 1157141998531;
500, 344, 1157141998547;
500, 352, 1157141998562;
500, 359, 1157141998562;
500, 361, 1157141998578;
500, 362, 1157141998593;
500, 363, 1157141998609;
500, 361, 1157141998656;
500, 360, 1157141998656;
502, 354, 1157141998672;
506, 344, 1157141998687;
514, 334, 1157141998703;
520, 326, 1157141998718;
525, 324, 1157141998734;
527, 323, 1157141998750;
529, 323, 1157141998750;
531, 324, 1157141998765;
533, 328, 1157141998781;
533, 334, 1157141998797;
536, 342, 1157141998812;
538, 352, 1157141998828;
539, 359, 1157141998843;
540, 364, 1157141998843;
540, 369, 1157141998859;
541, 370, 1157141998875;
541, 370, 1157141998890;
