428, 386, 1157142011078;
428, 387, 1157142011078;
428, 389, 1157142011093;
429, 392, 1157142011109;
431, 398, 1157142011125;
433, 404, 1157142011140;
434, 411, 1157142011156;
436, 416, 1157142011172;
437, 422, 1157142011172;
438, 427, 1157142011187;
440, 432, 1157142011203;
440, 433, 1157142011218;
440, 435, 1157142011234;
440, 430, 1157142011312;
440, 428, 1157142011328;
440, 426, 1157142011343;
440, 425, 1157142011359;
440, 424, 1157142011359;
440, 423, 1157142011375;
442, 419, 1157142011390;
449, 411, 1157142011406;
454, 405, 1157142011422;
459, 401, 1157142011437;
459, 400, 1157142011453;
461, 399, 1157142011453;
462, 399, 1157142011484;
463, 399, 1157142011500;
465, 399, 1157142011515;
466, 399, 1157142011531;
469, 399, 1157142011547;
470, 399, 1157142011562;
471, 400, 1157142011562;
473, 401, 1157142011578;
474, 404, 1157142011593;
475, 406, 1157142011609;
477, 409, 1157142011625;
477, 413, 1157142011640;
477, 417, 1157142011640;
477, 420, 1157142011656;
477, 423, 1157142011672;
477, 425, 1157142011687;
477, 426, 1157142011718;
477, 425, 1157142011765;
477, 424, 1157142011781;
477, 421, 1157142011797;
478, 414, 1157142011812;
481, 406, 1157142011828;
486, 399, 1157142011843;
489, 392, 1157142011843;
492, 388, 1157142011859;
493, 387, 1157142011875;
494, 387, 1157142011890;
496, 387, 1157142011906;
497, 388, 1157142011922;
499, 390, 1157142011937;
502, 393, 1157142011937;
504, 395, 1157142011953;
506, 398, 1157142011968;
508, 402, 1157142011984;
510, 406, 1157142012000;
511, 410, 1157142012015;
512, 415, 1157142012015;
512, 418, 1157142012031;
512, 422, 1157142012047;
512, 427, 1157142012062;
512, 431, 1157142012078;
512, 435, 1157142012093;
512, 438, 1157142012109;
512, 439, 1157142012125;
509, 436, 1157142012203;
509, 436, 1157142012203;
