627, 348, 1157131903547;
628, 348, 1157131903547;
629, 348, 1157131903578;
631, 348, 1157131903593;
633, 348, 1157131903609;
637, 348, 1157131903625;
641, 346, 1157131903640;
647, 343, 1157131903640;
651, 340, 1157131903656;
653, 338, 1157131903672;
655, 336, 1157131903687;
656, 332, 1157131903703;
656, 329, 1157131903718;
656, 326, 1157131903734;
656, 321, 1157131903734;
656, 318, 1157131903750;
654, 315, 1157131903765;
650, 313, 1157131903781;
646, 313, 1157131903797;
642, 313, 1157131903812;
636, 315, 1157131903828;
634, 319, 1157131903828;
630, 325, 1157131903843;
628, 332, 1157131903859;
626, 340, 1157131903875;
625, 350, 1157131903890;
623, 359, 1157131903906;
623, 366, 1157131903922;
623, 373, 1157131903922;
624, 378, 1157131903937;
629, 382, 1157131903953;
635, 386, 1157131903968;
642, 388, 1157131903984;
648, 388, 1157131904000;
653, 388, 1157131904015;
657, 388, 1157131904015;
660, 387, 1157131904031;
664, 385, 1157131904047;
664, 385, 1157131904047;
