480, 323, 1157136884625;
481, 323, 1157136884656;
482, 323, 1157136884672;
484, 325, 1157136884687;
485, 325, 1157136884703;
489, 325, 1157136884718;
494, 325, 1157136884734;
500, 325, 1157136884750;
505, 324, 1157136884750;
510, 323, 1157136884765;
513, 322, 1157136884781;
515, 320, 1157136884797;
516, 320, 1157136884812;
516, 319, 1157136884828;
516, 318, 1157136884843;
516, 315, 1157136884859;
515, 311, 1157136884875;
514, 307, 1157136884890;
513, 305, 1157136884906;
512, 302, 1157136884922;
510, 300, 1157136884937;
509, 298, 1157136884937;
506, 297, 1157136884953;
503, 297, 1157136884968;
499, 297, 1157136884984;
497, 297, 1157136885000;
494, 297, 1157136885015;
491, 298, 1157136885031;
489, 300, 1157136885031;
487, 301, 1157136885047;
486, 302, 1157136885062;
486, 303, 1157136885093;
485, 303, 1157136885109;
485, 306, 1157136885125;
484, 308, 1157136885125;
483, 313, 1157136885140;
482, 316, 1157136885156;
481, 318, 1157136885172;
481, 321, 1157136885187;
480, 323, 1157136885203;
480, 324, 1157136885218;
480, 327, 1157136885218;
480, 329, 1157136885234;
480, 332, 1157136885250;
480, 335, 1157136885265;
481, 337, 1157136885281;
482, 339, 1157136885297;
482, 340, 1157136885312;
484, 343, 1157136885312;
485, 344, 1157136885328;
486, 345, 1157136885343;
489, 346, 1157136885359;
491, 347, 1157136885375;
494, 347, 1157136885390;
497, 347, 1157136885406;
500, 347, 1157136885406;
503, 347, 1157136885422;
505, 347, 1157136885437;
507, 346, 1157136885453;
508, 345, 1157136885468;
509, 345, 1157136885500;
509, 345, 1157136885547;
