476, 313, 1157136892218;
477, 313, 1157136892359;
479, 313, 1157136892375;
483, 313, 1157136892390;
490, 310, 1157136892406;
499, 307, 1157136892422;
506, 304, 1157136892422;
514, 300, 1157136892437;
522, 296, 1157136892453;
526, 293, 1157136892468;
529, 291, 1157136892484;
529, 289, 1157136892500;
529, 288, 1157136892515;
527, 284, 1157136892515;
523, 279, 1157136892531;
518, 275, 1157136892547;
513, 273, 1157136892562;
510, 270, 1157136892578;
505, 270, 1157136892593;
499, 270, 1157136892609;
491, 270, 1157136892625;
485, 272, 1157136892625;
479, 278, 1157136892640;
474, 284, 1157136892656;
469, 294, 1157136892672;
463, 302, 1157136892687;
458, 309, 1157136892703;
456, 316, 1157136892718;
455, 323, 1157136892718;
455, 330, 1157136892734;
456, 335, 1157136892750;
460, 341, 1157136892765;
464, 345, 1157136892781;
468, 349, 1157136892797;
471, 353, 1157136892812;
476, 357, 1157136892812;
481, 358, 1157136892828;
488, 360, 1157136892843;
494, 360, 1157136892859;
499, 360, 1157136892875;
502, 360, 1157136892890;
504, 360, 1157136892890;
505, 359, 1157136892906;
506, 358, 1157136892922;
507, 358, 1157136892937;
507, 358, 1157136892937;
