485, 317, 1157136899031;
485, 318, 1157136899047;
485, 319, 1157136899062;
487, 320, 1157136899062;
491, 322, 1157136899078;
495, 323, 1157136899093;
502, 323, 1157136899109;
508, 323, 1157136899125;
518, 323, 1157136899140;
530, 319, 1157136899156;
539, 317, 1157136899156;
544, 316, 1157136899172;
546, 315, 1157136899187;
547, 313, 1157136899203;
547, 312, 1157136899218;
547, 307, 1157136899234;
544, 301, 1157136899250;
540, 296, 1157136899250;
534, 291, 1157136899265;
529, 287, 1157136899281;
525, 285, 1157136899297;
522, 283, 1157136899312;
520, 282, 1157136899328;
517, 282, 1157136899343;
513, 283, 1157136899343;
504, 287, 1157136899359;
495, 293, 1157136899375;
487, 299, 1157136899390;
481, 304, 1157136899406;
476, 311, 1157136899422;
474, 314, 1157136899437;
472, 320, 1157136899437;
472, 325, 1157136899453;
474, 332, 1157136899468;
477, 339, 1157136899484;
481, 346, 1157136899500;
488, 353, 1157136899515;
495, 360, 1157136899531;
502, 367, 1157136899531;
507, 373, 1157136899547;
512, 377, 1157136899562;
515, 378, 1157136899578;
517, 379, 1157136899593;
520, 379, 1157136899609;
520, 379, 1157136899609;
