486, 306, 1157136904703;
490, 307, 1157136904859;
494, 308, 1157136904875;
498, 308, 1157136904890;
503, 308, 1157136904906;
509, 308, 1157136904906;
517, 308, 1157136904922;
526, 306, 1157136904937;
529, 304, 1157136904953;
531, 303, 1157136904968;
532, 302, 1157136904984;
532, 300, 1157136905000;
532, 298, 1157136905000;
530, 295, 1157136905015;
525, 290, 1157136905031;
519, 287, 1157136905047;
515, 285, 1157136905062;
510, 285, 1157136905078;
507, 285, 1157136905093;
503, 285, 1157136905093;
500, 286, 1157136905109;
496, 289, 1157136905125;
491, 295, 1157136905140;
485, 301, 1157136905156;
480, 310, 1157136905172;
477, 316, 1157136905187;
475, 321, 1157136905187;
475, 325, 1157136905203;
475, 331, 1157136905218;
477, 336, 1157136905234;
482, 340, 1157136905250;
487, 345, 1157136905265;
493, 351, 1157136905281;
498, 353, 1157136905281;
503, 356, 1157136905297;
507, 358, 1157136905312;
511, 359, 1157136905328;
518, 359, 1157136905343;
524, 359, 1157136905359;
528, 359, 1157136905375;
528, 359, 1157136905375;
