485, 341, 1157136910484;
487, 341, 1157136910578;
490, 341, 1157136910593;
494, 341, 1157136910609;
497, 341, 1157136910609;
501, 339, 1157136910625;
508, 336, 1157136910640;
517, 332, 1157136910656;
525, 326, 1157136910672;
530, 322, 1157136910687;
532, 321, 1157136910703;
533, 317, 1157136910703;
534, 310, 1157136910718;
534, 302, 1157136910734;
534, 294, 1157136910750;
532, 288, 1157136910765;
527, 285, 1157136910781;
520, 283, 1157136910797;
513, 283, 1157136910797;
505, 287, 1157136910812;
499, 292, 1157136910828;
494, 296, 1157136910843;
491, 298, 1157136910859;
488, 305, 1157136910875;
487, 312, 1157136910890;
485, 320, 1157136910890;
485, 328, 1157136910906;
485, 338, 1157136910922;
485, 347, 1157136910937;
487, 354, 1157136910953;
489, 361, 1157136910968;
493, 368, 1157136910984;
498, 373, 1157136910984;
506, 376, 1157136911000;
518, 377, 1157136911015;
529, 377, 1157136911031;
535, 377, 1157136911047;
539, 377, 1157136911062;
542, 377, 1157136911078;
543, 377, 1157136911093;
543, 377, 1157136911093;
