503, 304, 1157136915922;
505, 306, 1157136916000;
508, 307, 1157136916015;
513, 308, 1157136916031;
521, 308, 1157136916047;
529, 308, 1157136916047;
543, 305, 1157136916062;
558, 303, 1157136916078;
569, 300, 1157136916093;
575, 298, 1157136916109;
577, 297, 1157136916125;
577, 296, 1157136916140;
577, 294, 1157136916140;
577, 289, 1157136916156;
577, 283, 1157136916172;
577, 278, 1157136916187;
574, 273, 1157136916203;
570, 269, 1157136916218;
562, 266, 1157136916234;
552, 265, 1157136916234;
544, 265, 1157136916250;
539, 265, 1157136916265;
534, 266, 1157136916281;
528, 271, 1157136916297;
520, 279, 1157136916312;
510, 291, 1157136916328;
503, 302, 1157136916328;
498, 312, 1157136916343;
493, 322, 1157136916359;
491, 330, 1157136916375;
490, 339, 1157136916390;
490, 349, 1157136916406;
494, 357, 1157136916422;
499, 366, 1157136916422;
509, 372, 1157136916437;
518, 378, 1157136916453;
526, 382, 1157136916468;
533, 383, 1157136916484;
541, 384, 1157136916500;
550, 384, 1157136916515;
550, 384, 1157136916515;
