505, 310, 1157136921406;
506, 310, 1157136921422;
507, 310, 1157136921562;
508, 310, 1157136921593;
509, 309, 1157136921625;
510, 308, 1157136921640;
511, 305, 1157136921656;
512, 304, 1157136921672;
512, 302, 1157136921703;
512, 299, 1157136921703;
512, 296, 1157136921718;
512, 293, 1157136921734;
511, 290, 1157136921750;
508, 287, 1157136921765;
507, 285, 1157136921781;
505, 284, 1157136921797;
503, 283, 1157136921812;
501, 283, 1157136921812;
499, 283, 1157136921828;
497, 283, 1157136921843;
494, 284, 1157136921859;
492, 286, 1157136921875;
490, 290, 1157136921890;
489, 293, 1157136921890;
488, 299, 1157136921906;
488, 304, 1157136921922;
488, 311, 1157136921937;
490, 318, 1157136921953;
494, 324, 1157136921968;
498, 330, 1157136921984;
504, 335, 1157136922000;
510, 339, 1157136922000;
517, 342, 1157136922015;
525, 343, 1157136922031;
533, 344, 1157136922047;
540, 344, 1157136922062;
543, 344, 1157136922078;
545, 344, 1157136922093;
546, 342, 1157136922093;
548, 339, 1157136922109;
551, 334, 1157136922125;
551, 334, 1157136922125;
