447, 385, 1157136927593;
450, 385, 1157136927640;
453, 385, 1157136927656;
456, 385, 1157136927672;
462, 385, 1157136927687;
471, 382, 1157136927703;
481, 380, 1157136927703;
491, 378, 1157136927718;
499, 376, 1157136927734;
507, 373, 1157136927750;
512, 371, 1157136927765;
514, 369, 1157136927781;
515, 367, 1157136927797;
515, 364, 1157136927812;
515, 358, 1157136927812;
515, 353, 1157136927828;
513, 350, 1157136927843;
511, 347, 1157136927859;
507, 346, 1157136927875;
503, 345, 1157136927890;
499, 344, 1157136927906;
493, 344, 1157136927906;
488, 344, 1157136927922;
481, 344, 1157136927937;
474, 348, 1157136927953;
469, 351, 1157136927968;
464, 355, 1157136927984;
461, 361, 1157136928000;
457, 370, 1157136928000;
454, 378, 1157136928015;
453, 385, 1157136928031;
453, 393, 1157136928047;
453, 401, 1157136928062;
455, 409, 1157136928078;
458, 418, 1157136928093;
461, 424, 1157136928093;
465, 428, 1157136928109;
471, 432, 1157136928125;
478, 434, 1157136928140;
487, 434, 1157136928156;
496, 431, 1157136928172;
506, 427, 1157136928187;
513, 424, 1157136928187;
513, 424, 1157136928187;
