588, 380, 1157690905578;
589, 380, 1157690905672;
590, 380, 1157690905687;
593, 380, 1157690905703;
596, 379, 1157690905718;
601, 377, 1157690905734;
607, 374, 1157690905750;
616, 370, 1157690905750;
624, 364, 1157690905765;
636, 358, 1157690905781;
642, 352, 1157690905797;
645, 350, 1157690905812;
647, 348, 1157690905828;
647, 347, 1157690905859;
647, 345, 1157690905859;
645, 345, 1157690905875;
642, 345, 1157690905890;
638, 345, 1157690905906;
632, 347, 1157690905922;
628, 352, 1157690905937;
623, 357, 1157690905937;
617, 365, 1157690905953;
612, 371, 1157690905968;
606, 378, 1157690905984;
600, 386, 1157690906000;
596, 394, 1157690906015;
593, 401, 1157690906031;
590, 408, 1157690906047;
589, 414, 1157690906047;
588, 420, 1157690906062;
588, 424, 1157690906078;
591, 427, 1157690906093;
595, 431, 1157690906109;
600, 433, 1157690906125;
605, 435, 1157690906140;
611, 436, 1157690906140;
615, 436, 1157690906156;
620, 436, 1157690906172;
630, 433, 1157690906187;
638, 430, 1157690906203;
645, 426, 1157690906218;
651, 422, 1157690906234;
654, 419, 1157690906234;
656, 416, 1157690906250;
658, 413, 1157690906265;
658, 413, 1157690906265;
