572, 377, 1157690925968;
573, 377, 1157690926015;
574, 376, 1157690926031;
575, 375, 1157690926047;
577, 375, 1157690926047;
578, 374, 1157690926062;
580, 372, 1157690926078;
582, 371, 1157690926093;
586, 369, 1157690926109;
592, 365, 1157690926125;
599, 362, 1157690926125;
604, 359, 1157690926140;
607, 357, 1157690926156;
609, 355, 1157690926172;
611, 353, 1157690926187;
611, 352, 1157690926203;
612, 350, 1157690926218;
612, 348, 1157690926218;
612, 345, 1157690926234;
612, 342, 1157690926250;
612, 339, 1157690926265;
611, 337, 1157690926281;
610, 336, 1157690926297;
608, 335, 1157690926312;
606, 334, 1157690926312;
603, 334, 1157690926328;
600, 334, 1157690926343;
597, 334, 1157690926359;
594, 334, 1157690926375;
591, 337, 1157690926390;
589, 340, 1157690926406;
586, 345, 1157690926422;
584, 352, 1157690926422;
582, 358, 1157690926437;
581, 363, 1157690926453;
581, 369, 1157690926468;
581, 374, 1157690926484;
581, 377, 1157690926500;
581, 381, 1157690926515;
581, 384, 1157690926515;
582, 387, 1157690926531;
584, 389, 1157690926547;
586, 392, 1157690926562;
588, 394, 1157690926578;
593, 396, 1157690926593;
596, 397, 1157690926609;
598, 397, 1157690926609;
601, 398, 1157690926625;
604, 398, 1157690926640;
607, 398, 1157690926656;
610, 396, 1157690926672;
616, 394, 1157690926687;
622, 390, 1157690926703;
629, 386, 1157690926703;
634, 381, 1157690926718;
639, 377, 1157690926734;
641, 375, 1157690926750;
643, 373, 1157690926765;
644, 370, 1157690926781;
646, 369, 1157690926797;
646, 369, 1157690926797;
