502, 405, 1157136830797;
503, 405, 1157136830828;
506, 405, 1157136830843;
511, 404, 1157136830859;
518, 402, 1157136830875;
526, 399, 1157136830890;
533, 396, 1157136830906;
540, 391, 1157136830922;
546, 388, 1157136830922;
549, 386, 1157136830937;
551, 384, 1157136830953;
552, 382, 1157136830968;
552, 380, 1157136830984;
550, 379, 1157136831000;
546, 377, 1157136831015;
541, 374, 1157136831015;
538, 373, 1157136831031;
535, 373, 1157136831047;
532, 373, 1157136831062;
529, 373, 1157136831078;
524, 374, 1157136831093;
519, 376, 1157136831109;
514, 380, 1157136831125;
510, 385, 1157136831125;
506, 391, 1157136831140;
502, 398, 1157136831156;
500, 405, 1157136831172;
500, 410, 1157136831187;
500, 416, 1157136831203;
501, 422, 1157136831218;
504, 425, 1157136831218;
509, 428, 1157136831234;
515, 431, 1157136831250;
520, 434, 1157136831265;
525, 437, 1157136831281;
527, 438, 1157136831297;
530, 439, 1157136831297;
534, 440, 1157136831312;
537, 440, 1157136831328;
541, 440, 1157136831343;
544, 439, 1157136831359;
546, 437, 1157136831375;
546, 437, 1157136831375;
