557, 345, 1157690936437;
557, 346, 1157690936453;
558, 346, 1157690936468;
559, 346, 1157690936484;
561, 346, 1157690936515;
562, 346, 1157690936531;
565, 345, 1157690936547;
568, 343, 1157690936547;
572, 339, 1157690936562;
578, 333, 1157690936578;
586, 325, 1157690936593;
596, 314, 1157690936609;
605, 307, 1157690936625;
611, 298, 1157690936640;
615, 290, 1157690936640;
617, 280, 1157690936656;
620, 270, 1157690936672;
620, 261, 1157690936687;
620, 253, 1157690936703;
620, 248, 1157690936718;
618, 242, 1157690936734;
613, 238, 1157690936750;
608, 236, 1157690936750;
604, 234, 1157690936765;
601, 234, 1157690936781;
598, 234, 1157690936797;
594, 235, 1157690936812;
591, 239, 1157690936828;
587, 245, 1157690936828;
584, 252, 1157690936843;
580, 260, 1157690936859;
578, 269, 1157690936875;
575, 277, 1157690936890;
574, 285, 1157690936906;
574, 294, 1157690936922;
574, 301, 1157690936937;
576, 308, 1157690936937;
578, 315, 1157690936953;
579, 321, 1157690936968;
581, 328, 1157690936984;
583, 332, 1157690937000;
586, 337, 1157690937015;
589, 341, 1157690937031;
592, 344, 1157690937031;
598, 346, 1157690937047;
606, 348, 1157690937062;
614, 349, 1157690937078;
621, 349, 1157690937093;
630, 345, 1157690937109;
638, 340, 1157690937125;
648, 331, 1157690937125;
660, 312, 1157690937140;
674, 286, 1157690937156;
674, 286, 1157690937156;
