478, 366, 1157136838406;
481, 367, 1157136838437;
484, 370, 1157136838453;
489, 373, 1157136838453;
494, 375, 1157136838468;
498, 376, 1157136838484;
506, 376, 1157136838500;
513, 376, 1157136838515;
520, 373, 1157136838531;
526, 369, 1157136838547;
530, 363, 1157136838547;
532, 359, 1157136838562;
534, 354, 1157136838578;
535, 351, 1157136838593;
535, 348, 1157136838609;
535, 345, 1157136838625;
533, 342, 1157136838640;
531, 339, 1157136838640;
530, 335, 1157136838656;
526, 334, 1157136838672;
522, 334, 1157136838687;
517, 334, 1157136838703;
511, 336, 1157136838718;
505, 340, 1157136838734;
500, 345, 1157136838750;
495, 352, 1157136838750;
490, 356, 1157136838765;
486, 362, 1157136838781;
482, 368, 1157136838797;
479, 373, 1157136838812;
478, 376, 1157136838828;
478, 379, 1157136838843;
479, 383, 1157136838843;
482, 387, 1157136838859;
487, 391, 1157136838875;
489, 393, 1157136838890;
492, 397, 1157136838906;
494, 398, 1157136838922;
498, 400, 1157136838922;
504, 402, 1157136838937;
511, 404, 1157136838953;
518, 405, 1157136838968;
523, 405, 1157136838984;
527, 405, 1157136839000;
531, 403, 1157136839015;
533, 402, 1157136839031;
533, 402, 1157136839031;
