530, 333, 1157136844343;
531, 333, 1157136844390;
534, 333, 1157136844406;
538, 333, 1157136844422;
545, 330, 1157136844437;
553, 327, 1157136844453;
564, 324, 1157136844468;
574, 319, 1157136844484;
584, 313, 1157136844484;
590, 308, 1157136844500;
595, 303, 1157136844515;
596, 301, 1157136844531;
596, 298, 1157136844547;
596, 295, 1157136844562;
594, 292, 1157136844578;
592, 290, 1157136844578;
587, 289, 1157136844593;
582, 289, 1157136844609;
575, 289, 1157136844625;
569, 289, 1157136844640;
564, 291, 1157136844656;
558, 296, 1157136844672;
551, 305, 1157136844672;
543, 316, 1157136844687;
537, 326, 1157136844703;
530, 335, 1157136844718;
527, 342, 1157136844734;
525, 348, 1157136844750;
525, 353, 1157136844765;
525, 359, 1157136844765;
528, 363, 1157136844781;
533, 368, 1157136844797;
538, 372, 1157136844812;
543, 374, 1157136844828;
547, 375, 1157136844843;
551, 375, 1157136844859;
555, 375, 1157136844859;
561, 375, 1157136844875;
568, 372, 1157136844890;
572, 372, 1157136844906;
575, 370, 1157136844922;
575, 370, 1157136844922;
