517, 306, 1157136851172;
517, 307, 1157136851187;
518, 307, 1157136851218;
520, 308, 1157136851234;
523, 308, 1157136851250;
526, 308, 1157136851250;
530, 308, 1157136851265;
533, 308, 1157136851281;
537, 308, 1157136851297;
541, 308, 1157136851312;
545, 306, 1157136851328;
551, 304, 1157136851343;
556, 301, 1157136851343;
558, 299, 1157136851359;
559, 298, 1157136851375;
559, 297, 1157136851390;
559, 294, 1157136851406;
555, 290, 1157136851422;
549, 287, 1157136851437;
543, 286, 1157136851453;
539, 285, 1157136851453;
535, 284, 1157136851468;
531, 284, 1157136851484;
526, 285, 1157136851500;
519, 291, 1157136851515;
513, 296, 1157136851531;
508, 302, 1157136851547;
503, 312, 1157136851547;
500, 320, 1157136851562;
499, 328, 1157136851578;
498, 336, 1157136851593;
498, 343, 1157136851609;
498, 348, 1157136851625;
500, 354, 1157136851640;
505, 358, 1157136851640;
513, 362, 1157136851656;
521, 367, 1157136851672;
527, 370, 1157136851687;
533, 371, 1157136851703;
538, 372, 1157136851718;
544, 374, 1157136851734;
549, 374, 1157136851734;
554, 374, 1157136851750;
556, 374, 1157136851765;
557, 374, 1157136851781;
557, 374, 1157136851781;
