453, 359, 1157136857875;
455, 359, 1157136857906;
456, 359, 1157136857922;
458, 359, 1157136857937;
461, 359, 1157136857937;
464, 359, 1157136857953;
468, 359, 1157136857968;
474, 359, 1157136857984;
480, 358, 1157136858000;
482, 356, 1157136858015;
483, 355, 1157136858031;
484, 355, 1157136858031;
484, 354, 1157136858047;
484, 353, 1157136858062;
484, 352, 1157136858078;
484, 351, 1157136858093;
484, 349, 1157136858109;
482, 347, 1157136858125;
480, 345, 1157136858125;
478, 344, 1157136858140;
473, 343, 1157136858156;
470, 342, 1157136858172;
468, 342, 1157136858187;
467, 342, 1157136858203;
465, 343, 1157136858218;
463, 345, 1157136858218;
460, 350, 1157136858234;
457, 357, 1157136858250;
452, 364, 1157136858265;
450, 369, 1157136858281;
449, 375, 1157136858297;
449, 380, 1157136858312;
451, 387, 1157136858328;
453, 394, 1157136858328;
456, 399, 1157136858343;
459, 403, 1157136858359;
464, 407, 1157136858375;
470, 409, 1157136858390;
479, 411, 1157136858406;
486, 412, 1157136858422;
492, 413, 1157136858422;
495, 414, 1157136858437;
497, 414, 1157136858453;
499, 412, 1157136858468;
501, 411, 1157136858484;
502, 411, 1157136858500;
502, 411, 1157136858515;
