466, 338, 1157136864812;
467, 339, 1157136864843;
467, 340, 1157136864859;
469, 341, 1157136864875;
472, 343, 1157136864890;
477, 344, 1157136864890;
481, 345, 1157136864906;
485, 345, 1157136864922;
488, 345, 1157136864937;
491, 345, 1157136864953;
494, 345, 1157136864968;
497, 345, 1157136864984;
498, 345, 1157136865000;
499, 345, 1157136865000;
499, 343, 1157136865015;
499, 342, 1157136865047;
499, 341, 1157136865062;
497, 339, 1157136865078;
496, 336, 1157136865093;
494, 334, 1157136865093;
493, 333, 1157136865109;
492, 331, 1157136865125;
491, 331, 1157136865140;
489, 331, 1157136865156;
488, 330, 1157136865172;
487, 330, 1157136865187;
484, 330, 1157136865187;
482, 330, 1157136865203;
480, 330, 1157136865218;
479, 332, 1157136865234;
477, 333, 1157136865250;
475, 337, 1157136865265;
474, 340, 1157136865281;
472, 348, 1157136865281;
470, 355, 1157136865297;
468, 362, 1157136865312;
468, 370, 1157136865328;
468, 376, 1157136865343;
468, 383, 1157136865359;
469, 389, 1157136865375;
475, 395, 1157136865375;
482, 401, 1157136865390;
489, 405, 1157136865406;
494, 408, 1157136865422;
497, 409, 1157136865437;
499, 409, 1157136865453;
500, 409, 1157136865468;
502, 409, 1157136865468;
503, 409, 1157136865500;
503, 409, 1157136865500;
