411, 327, 1157136870312;
411, 326, 1157136870359;
412, 326, 1157136870406;
413, 326, 1157136870422;
415, 326, 1157136870437;
417, 326, 1157136870437;
420, 326, 1157136870453;
422, 326, 1157136870468;
426, 326, 1157136870484;
432, 324, 1157136870500;
445, 318, 1157136870515;
456, 314, 1157136870515;
461, 311, 1157136870531;
465, 309, 1157136870547;
465, 308, 1157136870562;
466, 308, 1157136870578;
466, 307, 1157136870593;
466, 305, 1157136870609;
466, 302, 1157136870625;
466, 300, 1157136870625;
466, 297, 1157136870640;
466, 293, 1157136870656;
465, 290, 1157136870672;
463, 287, 1157136870687;
462, 285, 1157136870703;
459, 282, 1157136870718;
456, 282, 1157136870718;
452, 281, 1157136870734;
448, 281, 1157136870750;
442, 282, 1157136870765;
439, 284, 1157136870781;
436, 286, 1157136870797;
434, 289, 1157136870812;
430, 296, 1157136870812;
423, 305, 1157136870828;
417, 316, 1157136870843;
410, 324, 1157136870859;
406, 330, 1157136870875;
405, 333, 1157136870890;
405, 336, 1157136870906;
405, 342, 1157136870922;
405, 349, 1157136870922;
407, 356, 1157136870937;
411, 365, 1157136870953;
415, 372, 1157136870968;
419, 378, 1157136870984;
424, 383, 1157136871000;
427, 387, 1157136871000;
431, 389, 1157136871015;
434, 391, 1157136871031;
440, 391, 1157136871047;
448, 391, 1157136871062;
453, 391, 1157136871078;
457, 390, 1157136871093;
460, 389, 1157136871109;
462, 388, 1157136871109;
464, 387, 1157136871125;
465, 387, 1157136871140;
467, 386, 1157136871156;
467, 386, 1157136871187;
