441, 321, 1157136877343;
443, 321, 1157136877453;
445, 321, 1157136877468;
447, 321, 1157136877484;
449, 321, 1157136877500;
452, 321, 1157136877515;
457, 321, 1157136877531;
465, 318, 1157136877547;
471, 317, 1157136877547;
475, 316, 1157136877562;
478, 315, 1157136877578;
479, 314, 1157136877593;
479, 311, 1157136877625;
479, 307, 1157136877640;
479, 304, 1157136877640;
477, 301, 1157136877656;
475, 297, 1157136877672;
473, 295, 1157136877687;
469, 292, 1157136877703;
464, 291, 1157136877718;
458, 291, 1157136877734;
454, 291, 1157136877750;
450, 292, 1157136877750;
446, 294, 1157136877765;
444, 295, 1157136877781;
443, 297, 1157136877797;
442, 299, 1157136877812;
441, 303, 1157136877828;
440, 308, 1157136877843;
440, 313, 1157136877843;
440, 317, 1157136877859;
440, 322, 1157136877875;
441, 327, 1157136877890;
444, 332, 1157136877906;
446, 334, 1157136877922;
449, 336, 1157136877937;
451, 338, 1157136877937;
455, 339, 1157136877953;
460, 340, 1157136877968;
463, 340, 1157136877984;
466, 340, 1157136878000;
467, 340, 1157136878015;
468, 340, 1157136878031;
468, 341, 1157136878031;
469, 341, 1157136878047;
469, 341, 1157136878078;
