444, 513, 1157142366578;
441, 488, 1157142366578;
441, 485, 1157142366593;
441, 481, 1157142366593;
440, 475, 1157142366609;
440, 469, 1157142366609;
439, 462, 1157142366625;
439, 455, 1157142366625;
439, 447, 1157142366640;
439, 439, 1157142366640;
439, 430, 1157142366656;
439, 421, 1157142366656;
440, 412, 1157142366672;
441, 403, 1157142366672;
443, 394, 1157142366687;
445, 385, 1157142366687;
448, 377, 1157142366703;
451, 369, 1157142366703;
455, 362, 1157142366718;
459, 356, 1157142366718;
463, 351, 1157142366734;
467, 346, 1157142366734;
471, 344, 1157142366750;
476, 342, 1157142366750;
480, 341, 1157142366765;
484, 342, 1157142366765;
487, 343, 1157142366781;
490, 346, 1157142366781;
492, 350, 1157142366797;
494, 354, 1157142366797;
496, 360, 1157142366812;
497, 365, 1157142366812;
497, 371, 1157142366828;
497, 378, 1157142366828;
496, 385, 1157142366843;
494, 391, 1157142366843;
492, 397, 1157142366859;
490, 403, 1157142366859;
487, 409, 1157142366875;
483, 414, 1157142366875;
479, 419, 1157142366890;
475, 423, 1157142366890;
470, 426, 1157142366906;
465, 429, 1157142366906;
459, 432, 1157142366922;
454, 434, 1157142366922;
449, 435, 1157142366922;
444, 437, 1157142366937;
440, 438, 1157142366937;
436, 438, 1157142366953;
424, 439, 1157142366953;
424, 439, 1157142366953;
