436, 479, 1157142446359;
434, 457, 1157142446359;
434, 454, 1157142446375;
434, 449, 1157142446375;
434, 444, 1157142446390;
434, 438, 1157142446390;
435, 431, 1157142446406;
436, 424, 1157142446406;
436, 417, 1157142446422;
438, 408, 1157142446422;
439, 400, 1157142446437;
440, 392, 1157142446437;
442, 383, 1157142446453;
445, 375, 1157142446453;
447, 368, 1157142446453;
450, 360, 1157142446468;
454, 353, 1157142446468;
471, 335, 1157142446500;
475, 333, 1157142446515;
479, 332, 1157142446515;
483, 332, 1157142446531;
486, 333, 1157142446531;
489, 335, 1157142446547;
492, 339, 1157142446547;
493, 343, 1157142446562;
495, 348, 1157142446562;
495, 353, 1157142446578;
495, 359, 1157142446578;
494, 365, 1157142446593;
492, 371, 1157142446593;
490, 377, 1157142446609;
487, 382, 1157142446609;
484, 388, 1157142446625;
480, 393, 1157142446625;
476, 397, 1157142446640;
471, 401, 1157142446640;
466, 404, 1157142446656;
462, 406, 1157142446656;
457, 408, 1157142446672;
452, 410, 1157142446672;
448, 411, 1157142446687;
430, 415, 1157142446687;
430, 415, 1157142446687;
