439, 483, 1157142453734;
433, 457, 1157142453750;
433, 453, 1157142453750;
434, 448, 1157142453765;
434, 441, 1157142453765;
434, 435, 1157142453781;
435, 428, 1157142453781;
437, 421, 1157142453797;
438, 413, 1157142453797;
439, 405, 1157142453812;
441, 398, 1157142453812;
443, 390, 1157142453828;
445, 383, 1157142453828;
448, 375, 1157142453843;
451, 368, 1157142453843;
455, 362, 1157142453859;
459, 355, 1157142453859;
463, 349, 1157142453875;
468, 344, 1157142453875;
473, 340, 1157142453890;
478, 337, 1157142453890;
483, 334, 1157142453906;
488, 333, 1157142453906;
492, 333, 1157142453922;
496, 333, 1157142453922;
500, 335, 1157142453922;
504, 338, 1157142453937;
507, 341, 1157142453937;
509, 345, 1157142453953;
510, 349, 1157142453953;
511, 353, 1157142453968;
512, 358, 1157142453968;
511, 363, 1157142453984;
510, 367, 1157142453984;
508, 372, 1157142454000;
505, 377, 1157142454000;
501, 381, 1157142454015;
497, 385, 1157142454015;
493, 388, 1157142454031;
488, 391, 1157142454031;
483, 394, 1157142454047;
478, 396, 1157142454047;
473, 398, 1157142454062;
467, 400, 1157142454062;
461, 401, 1157142454078;
456, 402, 1157142454078;
451, 403, 1157142454093;
446, 404, 1157142454093;
442, 405, 1157142454109;
426, 408, 1157142454109;
426, 408, 1157142454109;
