445, 469, 1157142460937;
440, 446, 1157142460937;
439, 442, 1157142460953;
438, 437, 1157142460953;
437, 432, 1157142460968;
436, 427, 1157142460968;
435, 421, 1157142460984;
435, 415, 1157142460984;
434, 408, 1157142461000;
434, 401, 1157142461000;
433, 394, 1157142461015;
433, 387, 1157142461015;
434, 380, 1157142461031;
435, 373, 1157142461031;
436, 367, 1157142461047;
437, 361, 1157142461047;
439, 355, 1157142461062;
442, 349, 1157142461062;
444, 344, 1157142461078;
447, 339, 1157142461078;
451, 335, 1157142461093;
455, 332, 1157142461093;
459, 330, 1157142461109;
462, 329, 1157142461109;
466, 329, 1157142461125;
470, 330, 1157142461125;
473, 331, 1157142461140;
477, 333, 1157142461140;
479, 337, 1157142461156;
482, 340, 1157142461156;
484, 345, 1157142461172;
485, 350, 1157142461172;
486, 355, 1157142461187;
486, 361, 1157142461187;
486, 366, 1157142461203;
485, 372, 1157142461203;
484, 377, 1157142461218;
482, 382, 1157142461218;
480, 387, 1157142461234;
478, 391, 1157142461234;
475, 395, 1157142461234;
472, 398, 1157142461250;
469, 401, 1157142461250;
466, 404, 1157142461265;
463, 406, 1157142461265;
460, 407, 1157142461281;
456, 408, 1157142461281;
453, 409, 1157142461297;
442, 411, 1157142461297;
442, 411, 1157142461297;
