439, 467, 1157142467593;
438, 441, 1157142467593;
438, 437, 1157142467609;
438, 432, 1157142467609;
437, 428, 1157142467625;
437, 423, 1157142467625;
437, 418, 1157142467640;
437, 412, 1157142467640;
437, 407, 1157142467656;
437, 401, 1157142467656;
437, 396, 1157142467672;
437, 391, 1157142467672;
437, 386, 1157142467687;
437, 380, 1157142467687;
437, 375, 1157142467703;
438, 369, 1157142467703;
439, 364, 1157142467718;
440, 359, 1157142467718;
442, 354, 1157142467734;
443, 348, 1157142467734;
445, 344, 1157142467750;
447, 339, 1157142467750;
449, 335, 1157142467750;
451, 332, 1157142467765;
454, 329, 1157142467765;
456, 327, 1157142467781;
459, 325, 1157142467781;
461, 323, 1157142467797;
464, 322, 1157142467797;
466, 321, 1157142467812;
469, 321, 1157142467812;
471, 322, 1157142467828;
474, 323, 1157142467828;
476, 325, 1157142467843;
477, 327, 1157142467843;
479, 330, 1157142467859;
480, 334, 1157142467859;
481, 338, 1157142467875;
481, 342, 1157142467875;
482, 347, 1157142467890;
481, 351, 1157142467890;
481, 356, 1157142467906;
480, 362, 1157142467906;
478, 366, 1157142467922;
477, 371, 1157142467922;
474, 376, 1157142467937;
472, 380, 1157142467937;
470, 384, 1157142467953;
467, 387, 1157142467953;
464, 390, 1157142467968;
462, 392, 1157142467968;
460, 394, 1157142467984;
457, 395, 1157142467984;
455, 396, 1157142468000;
452, 396, 1157142468000;
450, 397, 1157142468015;
448, 397, 1157142468015;
446, 397, 1157142468031;
438, 397, 1157142468031;
438, 397, 1157142468031;
