458, 472, 1157142474312;
455, 446, 1157142474312;
455, 442, 1157142474328;
455, 436, 1157142474328;
455, 431, 1157142474343;
455, 425, 1157142474343;
455, 419, 1157142474359;
455, 411, 1157142474359;
456, 404, 1157142474375;
456, 397, 1157142474375;
457, 390, 1157142474390;
459, 383, 1157142474390;
460, 376, 1157142474406;
462, 369, 1157142474406;
464, 363, 1157142474422;
466, 356, 1157142474422;
469, 351, 1157142474437;
471, 345, 1157142474437;
474, 340, 1157142474453;
478, 336, 1157142474453;
481, 333, 1157142474468;
485, 331, 1157142474468;
488, 329, 1157142474484;
492, 329, 1157142474484;
495, 329, 1157142474500;
498, 330, 1157142474500;
501, 332, 1157142474515;
503, 335, 1157142474515;
505, 338, 1157142474531;
506, 341, 1157142474531;
507, 345, 1157142474547;
507, 350, 1157142474547;
507, 355, 1157142474562;
506, 361, 1157142474562;
505, 366, 1157142474578;
503, 371, 1157142474578;
500, 375, 1157142474593;
497, 380, 1157142474593;
494, 384, 1157142474609;
490, 388, 1157142474609;
485, 392, 1157142474625;
481, 394, 1157142474625;
477, 397, 1157142474640;
474, 398, 1157142474640;
471, 399, 1157142474640;
467, 400, 1157142474656;
464, 400, 1157142474656;
462, 400, 1157142474672;
460, 400, 1157142474672;
452, 399, 1157142474687;
452, 399, 1157142474687;
