460, 500, 1157142483797;
458, 476, 1157142483797;
457, 473, 1157142483812;
457, 469, 1157142483812;
457, 463, 1157142483828;
457, 457, 1157142483828;
457, 451, 1157142483843;
457, 443, 1157142483843;
457, 436, 1157142483859;
457, 428, 1157142483859;
458, 421, 1157142483875;
459, 413, 1157142483875;
461, 405, 1157142483890;
462, 398, 1157142483890;
465, 390, 1157142483906;
467, 383, 1157142483906;
470, 377, 1157142483922;
473, 371, 1157142483922;
477, 366, 1157142483937;
481, 362, 1157142483937;
485, 359, 1157142483953;
489, 357, 1157142483953;
493, 356, 1157142483968;
497, 356, 1157142483968;
501, 357, 1157142483984;
505, 358, 1157142483984;
508, 361, 1157142484000;
511, 364, 1157142484000;
513, 368, 1157142484015;
515, 372, 1157142484015;
517, 377, 1157142484015;
518, 383, 1157142484031;
518, 388, 1157142484031;
518, 393, 1157142484047;
517, 399, 1157142484047;
516, 404, 1157142484062;
514, 409, 1157142484062;
512, 413, 1157142484078;
509, 417, 1157142484078;
506, 420, 1157142484093;
502, 424, 1157142484093;
498, 426, 1157142484109;
494, 429, 1157142484109;
489, 431, 1157142484125;
485, 432, 1157142484125;
480, 433, 1157142484140;
476, 433, 1157142484140;
473, 434, 1157142484156;
469, 434, 1157142484156;
457, 435, 1157142484172;
457, 435, 1157142484172;
