441, 478, 1157142492906;
439, 454, 1157142492922;
439, 450, 1157142492922;
439, 446, 1157142492937;
438, 441, 1157142492937;
438, 436, 1157142492953;
438, 430, 1157142492953;
438, 425, 1157142492968;
438, 419, 1157142492968;
438, 413, 1157142492984;
438, 407, 1157142492984;
438, 401, 1157142493000;
438, 396, 1157142493000;
438, 390, 1157142493015;
438, 385, 1157142493015;
439, 379, 1157142493031;
439, 373, 1157142493031;
440, 368, 1157142493047;
440, 362, 1157142493047;
442, 357, 1157142493047;
443, 351, 1157142493062;
444, 346, 1157142493062;
446, 341, 1157142493078;
448, 336, 1157142493078;
450, 332, 1157142493093;
452, 329, 1157142493093;
455, 325, 1157142493109;
457, 322, 1157142493109;
459, 319, 1157142493125;
462, 317, 1157142493125;
464, 315, 1157142493140;
466, 314, 1157142493140;
468, 313, 1157142493156;
471, 313, 1157142493156;
473, 314, 1157142493172;
474, 315, 1157142493172;
476, 316, 1157142493187;
478, 318, 1157142493187;
480, 321, 1157142493203;
481, 324, 1157142493203;
482, 327, 1157142493218;
483, 331, 1157142493218;
484, 335, 1157142493234;
485, 340, 1157142493234;
485, 345, 1157142493250;
485, 350, 1157142493250;
485, 355, 1157142493265;
484, 361, 1157142493265;
483, 366, 1157142493281;
481, 370, 1157142493281;
480, 375, 1157142493297;
478, 379, 1157142493297;
476, 383, 1157142493312;
473, 387, 1157142493312;
471, 390, 1157142493328;
468, 393, 1157142493328;
466, 396, 1157142493343;
463, 398, 1157142493343;
460, 399, 1157142493359;
458, 401, 1157142493359;
455, 402, 1157142493375;
453, 402, 1157142493375;
451, 402, 1157142493390;
448, 403, 1157142493390;
440, 402, 1157142493406;
440, 402, 1157142493406;
