445, 486, 1157142500125;
441, 461, 1157142500125;
441, 457, 1157142500140;
441, 452, 1157142500140;
440, 447, 1157142500156;
440, 441, 1157142500156;
440, 435, 1157142500172;
439, 429, 1157142500172;
439, 424, 1157142500187;
439, 417, 1157142500187;
439, 410, 1157142500203;
439, 404, 1157142500203;
439, 397, 1157142500218;
440, 390, 1157142500218;
440, 382, 1157142500234;
441, 375, 1157142500234;
442, 368, 1157142500250;
443, 361, 1157142500250;
444, 353, 1157142500265;
446, 346, 1157142500265;
448, 339, 1157142500281;
450, 331, 1157142500281;
453, 324, 1157142500297;
456, 317, 1157142500297;
459, 310, 1157142500312;
462, 304, 1157142500312;
465, 299, 1157142500328;
469, 293, 1157142500328;
472, 289, 1157142500343;
476, 285, 1157142500343;
480, 281, 1157142500359;
484, 279, 1157142500359;
488, 277, 1157142500375;
492, 276, 1157142500375;
496, 276, 1157142500390;
499, 276, 1157142500390;
503, 278, 1157142500406;
506, 280, 1157142500406;
508, 283, 1157142500422;
511, 286, 1157142500422;
512, 290, 1157142500437;
513, 294, 1157142500437;
514, 300, 1157142500453;
514, 305, 1157142500453;
514, 310, 1157142500468;
513, 316, 1157142500468;
511, 322, 1157142500468;
509, 328, 1157142500484;
506, 333, 1157142500484;
503, 339, 1157142500500;
499, 344, 1157142500500;
495, 349, 1157142500515;
491, 354, 1157142500515;
486, 358, 1157142500531;
481, 362, 1157142500531;
476, 365, 1157142500547;
471, 368, 1157142500547;
466, 370, 1157142500562;
461, 372, 1157142500562;
457, 373, 1157142500578;
452, 374, 1157142500578;
448, 375, 1157142500593;
444, 376, 1157142500593;
441, 377, 1157142500609;
438, 377, 1157142500609;
427, 381, 1157142500625;
427, 381, 1157142500625;
