518, 376, 1157691428375;
519, 376, 1157691428468;
520, 375, 1157691428468;
521, 373, 1157691428484;
524, 371, 1157691428500;
527, 368, 1157691428515;
531, 362, 1157691428531;
537, 352, 1157691428547;
541, 343, 1157691428562;
544, 335, 1157691428562;
547, 325, 1157691428578;
549, 316, 1157691428593;
552, 306, 1157691428609;
554, 296, 1157691428625;
555, 290, 1157691428640;
555, 284, 1157691428656;
555, 281, 1157691428656;
555, 280, 1157691428672;
555, 279, 1157691428687;
553, 284, 1157691428750;
551, 290, 1157691428750;
549, 296, 1157691428765;
547, 304, 1157691428781;
544, 315, 1157691428797;
542, 324, 1157691428812;
539, 338, 1157691428828;
537, 351, 1157691428843;
534, 365, 1157691428843;
530, 377, 1157691428859;
527, 389, 1157691428875;
524, 400, 1157691428890;
521, 408, 1157691428906;
516, 417, 1157691428922;
515, 421, 1157691428937;
514, 423, 1157691428937;
513, 423, 1157691428968;
512, 423, 1157691429000;
512, 422, 1157691429031;
512, 421, 1157691429047;
512, 418, 1157691429062;
512, 414, 1157691429078;
513, 409, 1157691429093;
516, 402, 1157691429109;
519, 394, 1157691429125;
523, 384, 1157691429140;
528, 372, 1157691429140;
533, 356, 1157691429156;
540, 334, 1157691429172;
545, 321, 1157691429187;
548, 312, 1157691429203;
551, 307, 1157691429218;
552, 304, 1157691429218;
552, 303, 1157691429234;
554, 302, 1157691429250;
556, 299, 1157691429265;
557, 299, 1157691429281;
558, 297, 1157691429297;
559, 297, 1157691429312;
560, 297, 1157691429328;
561, 296, 1157691429359;
562, 296, 1157691429375;
563, 296, 1157691429390;
564, 296, 1157691429406;
566, 296, 1157691429422;
567, 297, 1157691429453;
568, 299, 1157691429468;
569, 300, 1157691429484;
570, 302, 1157691429500;
570, 305, 1157691429515;
570, 308, 1157691429515;
570, 312, 1157691429531;
569, 317, 1157691429547;
568, 320, 1157691429562;
566, 324, 1157691429578;
563, 328, 1157691429593;
563, 330, 1157691429609;
560, 332, 1157691429609;
559, 334, 1157691429625;
558, 335, 1157691429640;
555, 337, 1157691429656;
553, 338, 1157691429672;
552, 339, 1157691429687;
550, 339, 1157691429703;
548, 340, 1157691429703;
546, 340, 1157691429734;
545, 340, 1157691429765;
544, 340, 1157691429781;
543, 339, 1157691429797;
543, 338, 1157691429812;
542, 338, 1157691429828;
543, 339, 1157691429937;
544, 341, 1157691429968;
549, 347, 1157691430000;
551, 349, 1157691430015;
554, 350, 1157691430031;
557, 350, 1157691430047;
561, 350, 1157691430062;
565, 347, 1157691430078;
565, 347, 1157691430078;
