538, 369, 1157691452812;
539, 369, 1157691452843;
540, 369, 1157691452859;
542, 369, 1157691452875;
545, 369, 1157691452890;
547, 368, 1157691452890;
550, 366, 1157691452906;
552, 364, 1157691452922;
556, 360, 1157691452937;
561, 355, 1157691452953;
566, 349, 1157691452968;
572, 342, 1157691452984;
578, 336, 1157691452984;
581, 330, 1157691453000;
583, 324, 1157691453015;
584, 319, 1157691453031;
584, 317, 1157691453047;
584, 315, 1157691453062;
584, 314, 1157691453078;
583, 313, 1157691453093;
582, 313, 1157691453093;
580, 315, 1157691453140;
578, 318, 1157691453156;
575, 323, 1157691453172;
572, 331, 1157691453187;
567, 341, 1157691453187;
565, 352, 1157691453203;
562, 363, 1157691453218;
560, 375, 1157691453234;
557, 384, 1157691453250;
555, 393, 1157691453265;
554, 400, 1157691453281;
552, 404, 1157691453281;
551, 407, 1157691453297;
551, 408, 1157691453312;
550, 409, 1157691453328;
550, 407, 1157691453453;
550, 406, 1157691453468;
550, 404, 1157691453468;
550, 401, 1157691453484;
550, 397, 1157691453500;
551, 391, 1157691453515;
554, 384, 1157691453531;
558, 377, 1157691453547;
564, 368, 1157691453562;
568, 362, 1157691453562;
571, 357, 1157691453578;
572, 355, 1157691453593;
573, 355, 1157691453609;
574, 353, 1157691453625;
577, 350, 1157691453640;
579, 348, 1157691453656;
582, 345, 1157691453656;
584, 344, 1157691453672;
584, 343, 1157691453687;
585, 342, 1157691453703;
585, 341, 1157691453718;
587, 341, 1157691453734;
588, 340, 1157691453750;
589, 339, 1157691453750;
591, 339, 1157691453765;
592, 339, 1157691453843;
592, 340, 1157691453859;
592, 342, 1157691453859;
593, 343, 1157691453875;
593, 344, 1157691453890;
593, 346, 1157691453906;
593, 349, 1157691453922;
591, 353, 1157691453937;
590, 355, 1157691453937;
589, 357, 1157691453953;
587, 358, 1157691453968;
586, 359, 1157691453984;
584, 361, 1157691454000;
582, 361, 1157691454015;
579, 361, 1157691454031;
577, 361, 1157691454047;
574, 361, 1157691454047;
572, 361, 1157691454062;
571, 361, 1157691454078;
569, 361, 1157691454093;
569, 360, 1157691454125;
568, 360, 1157691454125;
568, 360, 1157691454328;
