464, 511, 1157142383406;
462, 483, 1157142383406;
461, 478, 1157142383422;
460, 473, 1157142383422;
459, 467, 1157142383437;
458, 461, 1157142383437;
457, 455, 1157142383453;
456, 448, 1157142383453;
456, 441, 1157142383468;
455, 435, 1157142383468;
455, 428, 1157142383484;
455, 421, 1157142383484;
455, 414, 1157142383500;
455, 407, 1157142383500;
455, 400, 1157142383515;
456, 395, 1157142383515;
457, 389, 1157142383531;
458, 384, 1157142383531;
460, 379, 1157142383547;
461, 374, 1157142383547;
463, 371, 1157142383562;
466, 367, 1157142383562;
468, 365, 1157142383578;
471, 364, 1157142383578;
474, 362, 1157142383593;
477, 362, 1157142383593;
481, 362, 1157142383609;
484, 363, 1157142383609;
487, 365, 1157142383625;
490, 368, 1157142383625;
492, 371, 1157142383640;
494, 374, 1157142383640;
496, 378, 1157142383656;
497, 383, 1157142383656;
498, 388, 1157142383672;
498, 393, 1157142383672;
497, 399, 1157142383687;
497, 404, 1157142383687;
495, 409, 1157142383703;
494, 414, 1157142383703;
492, 419, 1157142383703;
489, 423, 1157142383718;
487, 427, 1157142383718;
484, 430, 1157142383734;
481, 432, 1157142383734;
478, 435, 1157142383750;
475, 436, 1157142383750;
473, 438, 1157142383765;
470, 439, 1157142383765;
468, 440, 1157142383781;
467, 440, 1157142383781;
465, 440, 1157142383797;
461, 441, 1157142383797;
461, 441, 1157142383797;
