503, 454, 1157691462359;
503, 452, 1157691462437;
503, 449, 1157691462453;
504, 445, 1157691462468;
506, 439, 1157691462484;
507, 432, 1157691462484;
509, 424, 1157691462500;
511, 413, 1157691462515;
515, 402, 1157691462531;
518, 387, 1157691462547;
523, 370, 1157691462562;
528, 354, 1157691462578;
532, 344, 1157691462578;
534, 334, 1157691462593;
536, 327, 1157691462609;
536, 325, 1157691462625;
537, 323, 1157691462640;
538, 322, 1157691462656;
539, 322, 1157691462672;
540, 322, 1157691462672;
541, 322, 1157691462687;
544, 322, 1157691462703;
546, 321, 1157691462718;
549, 321, 1157691462734;
553, 321, 1157691462750;
557, 321, 1157691462765;
560, 321, 1157691462765;
563, 322, 1157691462781;
566, 326, 1157691462797;
568, 330, 1157691462812;
568, 336, 1157691462828;
568, 340, 1157691462843;
568, 345, 1157691462859;
568, 349, 1157691462859;
568, 354, 1157691462875;
567, 357, 1157691462890;
565, 360, 1157691462906;
564, 361, 1157691462922;
561, 364, 1157691462937;
557, 366, 1157691462953;
552, 368, 1157691462968;
548, 369, 1157691462984;
543, 371, 1157691462984;
541, 371, 1157691463000;
539, 371, 1157691463015;
537, 371, 1157691463031;
535, 371, 1157691463047;
534, 371, 1157691463062;
533, 371, 1157691463062;
533, 371, 1157691463062;
