456, 449, 1157142393859;
452, 420, 1157142393875;
452, 417, 1157142393875;
451, 412, 1157142393890;
451, 408, 1157142393890;
451, 403, 1157142393906;
451, 398, 1157142393906;
451, 393, 1157142393922;
451, 388, 1157142393922;
451, 383, 1157142393937;
451, 377, 1157142393937;
451, 372, 1157142393953;
452, 367, 1157142393953;
453, 362, 1157142393968;
454, 356, 1157142393968;
455, 351, 1157142393984;
457, 345, 1157142393984;
459, 340, 1157142394000;
461, 335, 1157142394000;
464, 331, 1157142394015;
466, 326, 1157142394015;
468, 323, 1157142394031;
471, 319, 1157142394031;
473, 317, 1157142394047;
476, 315, 1157142394047;
478, 313, 1157142394062;
481, 312, 1157142394062;
483, 312, 1157142394078;
486, 312, 1157142394078;
488, 313, 1157142394093;
490, 314, 1157142394093;
492, 316, 1157142394109;
493, 318, 1157142394109;
494, 321, 1157142394125;
495, 324, 1157142394125;
496, 327, 1157142394140;
496, 331, 1157142394140;
495, 335, 1157142394156;
494, 340, 1157142394156;
493, 344, 1157142394172;
492, 349, 1157142394172;
490, 354, 1157142394187;
488, 359, 1157142394187;
486, 364, 1157142394203;
484, 368, 1157142394203;
481, 373, 1157142394218;
479, 376, 1157142394218;
476, 380, 1157142394234;
473, 383, 1157142394234;
470, 385, 1157142394250;
467, 387, 1157142394250;
463, 389, 1157142394250;
460, 391, 1157142394265;
457, 392, 1157142394265;
454, 392, 1157142394281;
452, 393, 1157142394281;
444, 394, 1157142394297;
444, 394, 1157142394297;
