446, 461, 1157142400593;
445, 436, 1157142400609;
445, 431, 1157142400609;
445, 426, 1157142400625;
444, 421, 1157142400625;
444, 415, 1157142400640;
444, 408, 1157142400640;
443, 402, 1157142400656;
443, 396, 1157142400656;
443, 389, 1157142400672;
443, 382, 1157142400672;
443, 375, 1157142400687;
443, 368, 1157142400687;
443, 362, 1157142400703;
444, 355, 1157142400703;
446, 348, 1157142400718;
447, 342, 1157142400718;
449, 336, 1157142400734;
452, 331, 1157142400734;
455, 327, 1157142400750;
457, 323, 1157142400750;
460, 320, 1157142400765;
464, 318, 1157142400765;
467, 316, 1157142400781;
470, 316, 1157142400781;
473, 316, 1157142400781;
477, 317, 1157142400797;
480, 319, 1157142400797;
483, 321, 1157142400812;
485, 324, 1157142400812;
487, 328, 1157142400828;
489, 332, 1157142400828;
490, 337, 1157142400843;
491, 342, 1157142400843;
491, 347, 1157142400859;
491, 352, 1157142400859;
490, 356, 1157142400875;
489, 361, 1157142400875;
488, 365, 1157142400890;
486, 368, 1157142400890;
483, 372, 1157142400906;
480, 374, 1157142400906;
477, 377, 1157142400922;
474, 379, 1157142400922;
471, 381, 1157142400937;
468, 383, 1157142400937;
465, 384, 1157142400953;
463, 384, 1157142400953;
460, 385, 1157142400968;
452, 386, 1157142400968;
452, 386, 1157142400968;
