441, 456, 1157142408578;
432, 433, 1157142408593;
432, 429, 1157142408593;
431, 425, 1157142408609;
430, 419, 1157142408609;
429, 411, 1157142408625;
428, 404, 1157142408625;
428, 395, 1157142408640;
428, 386, 1157142408640;
428, 377, 1157142408656;
428, 368, 1157142408656;
429, 358, 1157142408672;
430, 349, 1157142408672;
432, 341, 1157142408687;
434, 333, 1157142408687;
437, 326, 1157142408703;
440, 319, 1157142408703;
443, 314, 1157142408718;
447, 309, 1157142408718;
451, 306, 1157142408734;
456, 304, 1157142408734;
460, 303, 1157142408734;
464, 303, 1157142408750;
469, 304, 1157142408750;
473, 306, 1157142408765;
476, 309, 1157142408765;
479, 313, 1157142408781;
482, 318, 1157142408781;
483, 323, 1157142408797;
484, 329, 1157142408797;
485, 335, 1157142408812;
484, 342, 1157142408812;
483, 348, 1157142408828;
481, 354, 1157142408828;
479, 359, 1157142408843;
476, 364, 1157142408843;
473, 368, 1157142408859;
469, 372, 1157142408859;
466, 375, 1157142408875;
462, 378, 1157142408875;
458, 380, 1157142408890;
454, 381, 1157142408890;
450, 382, 1157142408906;
446, 384, 1157142408906;
443, 384, 1157142408922;
431, 386, 1157142408922;
431, 386, 1157142408922;
