422, 434, 1157142418500;
421, 404, 1157142418515;
421, 400, 1157142418515;
422, 396, 1157142418531;
422, 390, 1157142418531;
423, 384, 1157142418547;
423, 377, 1157142418547;
424, 369, 1157142418562;
426, 362, 1157142418562;
427, 354, 1157142418578;
429, 347, 1157142418578;
432, 340, 1157142418578;
434, 333, 1157142418593;
437, 327, 1157142418593;
440, 322, 1157142418609;
444, 317, 1157142418609;
447, 313, 1157142418625;
450, 310, 1157142418625;
454, 308, 1157142418640;
458, 307, 1157142418640;
461, 307, 1157142418656;
464, 308, 1157142418656;
467, 310, 1157142418672;
470, 312, 1157142418672;
472, 315, 1157142418687;
473, 319, 1157142418687;
474, 324, 1157142418703;
474, 330, 1157142418703;
474, 335, 1157142418718;
473, 341, 1157142418718;
471, 347, 1157142418734;
469, 353, 1157142418734;
467, 358, 1157142418750;
464, 363, 1157142418750;
461, 368, 1157142418765;
457, 372, 1157142418765;
453, 376, 1157142418781;
449, 379, 1157142418781;
445, 381, 1157142418797;
441, 383, 1157142418797;
437, 384, 1157142418812;
433, 384, 1157142418812;
430, 385, 1157142418828;
427, 384, 1157142418828;
416, 383, 1157142418843;
416, 383, 1157142418843;
