438, 431, 1157142426078;
435, 407, 1157142426093;
434, 402, 1157142426093;
434, 398, 1157142426109;
434, 394, 1157142426109;
434, 389, 1157142426125;
433, 384, 1157142426125;
433, 379, 1157142426140;
433, 374, 1157142426140;
433, 368, 1157142426140;
434, 363, 1157142426156;
435, 358, 1157142426156;
435, 353, 1157142426172;
437, 348, 1157142426172;
438, 343, 1157142426187;
439, 338, 1157142426187;
441, 334, 1157142426203;
443, 330, 1157142426203;
445, 326, 1157142426218;
447, 323, 1157142426218;
450, 320, 1157142426234;
452, 317, 1157142426234;
455, 316, 1157142426250;
458, 314, 1157142426250;
460, 314, 1157142426265;
463, 314, 1157142426265;
466, 314, 1157142426281;
468, 315, 1157142426281;
471, 316, 1157142426297;
473, 318, 1157142426297;
475, 320, 1157142426312;
476, 322, 1157142426312;
478, 325, 1157142426328;
479, 328, 1157142426328;
479, 332, 1157142426343;
480, 335, 1157142426343;
480, 339, 1157142426359;
479, 343, 1157142426359;
479, 346, 1157142426375;
477, 350, 1157142426375;
476, 353, 1157142426390;
474, 356, 1157142426390;
472, 359, 1157142426406;
470, 361, 1157142426406;
467, 363, 1157142426422;
464, 365, 1157142426422;
462, 367, 1157142426437;
458, 368, 1157142426437;
455, 370, 1157142426453;
451, 371, 1157142426453;
448, 371, 1157142426468;
444, 372, 1157142426468;
441, 372, 1157142426484;
437, 372, 1157142426484;
434, 373, 1157142426500;
424, 373, 1157142426500;
424, 373, 1157142426500;
