439, 441, 1157142432687;
434, 418, 1157142432687;
433, 415, 1157142432703;
433, 411, 1157142432703;
432, 407, 1157142432718;
431, 403, 1157142432718;
431, 398, 1157142432734;
430, 393, 1157142432734;
430, 388, 1157142432750;
429, 383, 1157142432750;
429, 378, 1157142432765;
429, 373, 1157142432765;
429, 368, 1157142432781;
429, 363, 1157142432781;
429, 359, 1157142432797;
430, 354, 1157142432797;
431, 350, 1157142432812;
432, 345, 1157142432812;
433, 342, 1157142432828;
434, 338, 1157142432828;
436, 335, 1157142432843;
438, 332, 1157142432843;
439, 329, 1157142432843;
442, 327, 1157142432859;
444, 325, 1157142432859;
446, 324, 1157142432875;
448, 323, 1157142432875;
450, 323, 1157142432890;
452, 323, 1157142432890;
454, 324, 1157142432906;
456, 326, 1157142432906;
458, 328, 1157142432922;
459, 330, 1157142432922;
461, 333, 1157142432937;
462, 336, 1157142432937;
462, 340, 1157142432953;
463, 343, 1157142432953;
463, 347, 1157142432968;
463, 351, 1157142432968;
463, 355, 1157142432984;
463, 358, 1157142432984;
462, 362, 1157142433000;
461, 365, 1157142433000;
460, 368, 1157142433015;
458, 370, 1157142433015;
457, 372, 1157142433031;
455, 374, 1157142433031;
453, 375, 1157142433047;
451, 376, 1157142433047;
449, 377, 1157142433062;
447, 378, 1157142433062;
444, 378, 1157142433078;
442, 378, 1157142433078;
440, 378, 1157142433093;
432, 379, 1157142433093;
432, 379, 1157142433093;
