440, 465, 1157142439250;
441, 442, 1157142439250;
441, 438, 1157142439265;
441, 433, 1157142439265;
441, 428, 1157142439281;
441, 423, 1157142439281;
441, 417, 1157142439297;
442, 410, 1157142439297;
442, 403, 1157142439312;
443, 396, 1157142439312;
444, 389, 1157142439328;
446, 381, 1157142439328;
447, 374, 1157142439343;
449, 368, 1157142439343;
451, 361, 1157142439359;
453, 355, 1157142439359;
456, 350, 1157142439375;
458, 345, 1157142439375;
461, 342, 1157142439390;
464, 339, 1157142439390;
466, 336, 1157142439406;
469, 335, 1157142439406;
471, 335, 1157142439422;
474, 335, 1157142439422;
476, 337, 1157142439437;
478, 339, 1157142439437;
480, 342, 1157142439453;
482, 345, 1157142439453;
483, 349, 1157142439468;
483, 353, 1157142439468;
483, 357, 1157142439484;
482, 362, 1157142439484;
480, 366, 1157142439500;
478, 371, 1157142439500;
476, 376, 1157142439515;
473, 381, 1157142439515;
469, 385, 1157142439531;
466, 389, 1157142439531;
463, 392, 1157142439547;
459, 395, 1157142439547;
455, 397, 1157142439562;
451, 399, 1157142439562;
447, 400, 1157142439578;
443, 401, 1157142439578;
440, 402, 1157142439593;
425, 403, 1157142439593;
425, 403, 1157142439593;
