621, 351, 1157131648484;
621, 350, 1157131648500;
620, 350, 1157131648531;
619, 349, 1157131648547;
617, 349, 1157131648562;
616, 349, 1157131648578;
615, 348, 1157131648593;
613, 348, 1157131648609;
612, 348, 1157131648609;
610, 348, 1157131648625;
608, 348, 1157131648640;
605, 349, 1157131648656;
601, 352, 1157131648672;
597, 358, 1157131648687;
593, 364, 1157131648703;
590, 371, 1157131648703;
587, 381, 1157131648718;
587, 387, 1157131648734;
587, 394, 1157131648750;
587, 402, 1157131648765;
590, 409, 1157131648781;
596, 415, 1157131648797;
602, 419, 1157131648812;
608, 421, 1157131648812;
613, 421, 1157131648828;
617, 421, 1157131648843;
623, 416, 1157131648859;
630, 412, 1157131648875;
638, 407, 1157131648890;
638, 407, 1157131648890;
