662, 350, 1157131710000;
661, 348, 1157131710015;
660, 347, 1157131710031;
658, 345, 1157131710047;
656, 342, 1157131710047;
651, 338, 1157131710062;
644, 334, 1157131710078;
638, 332, 1157131710093;
632, 331, 1157131710109;
629, 331, 1157131710125;
626, 331, 1157131710125;
624, 331, 1157131710140;
622, 333, 1157131710156;
618, 341, 1157131710172;
613, 352, 1157131710187;
610, 363, 1157131710203;
610, 374, 1157131710218;
610, 385, 1157131710234;
613, 394, 1157131710234;
619, 403, 1157131710250;
624, 408, 1157131710265;
629, 411, 1157131710281;
633, 412, 1157131710297;
639, 412, 1157131710312;
646, 409, 1157131710328;
646, 409, 1157131710328;
