616, 345, 1157131715875;
614, 344, 1157131715890;
613, 342, 1157131715906;
611, 341, 1157131715922;
609, 339, 1157131715922;
608, 339, 1157131715937;
605, 339, 1157131715953;
603, 339, 1157131715968;
599, 339, 1157131715984;
595, 339, 1157131716000;
591, 340, 1157131716015;
586, 343, 1157131716015;
582, 348, 1157131716031;
578, 355, 1157131716047;
575, 362, 1157131716062;
573, 369, 1157131716078;
572, 376, 1157131716093;
572, 383, 1157131716109;
573, 389, 1157131716109;
575, 396, 1157131716125;
578, 402, 1157131716140;
581, 406, 1157131716156;
585, 410, 1157131716172;
589, 411, 1157131716187;
596, 411, 1157131716203;
601, 411, 1157131716203;
604, 409, 1157131716218;
605, 408, 1157131716234;
605, 408, 1157131716250;
