624, 319, 1157131721828;
623, 319, 1157131721843;
623, 318, 1157131721859;
621, 318, 1157131721875;
621, 316, 1157131721890;
618, 315, 1157131721906;
616, 313, 1157131721922;
612, 311, 1157131721937;
606, 309, 1157131721937;
603, 308, 1157131721953;
600, 307, 1157131721968;
598, 307, 1157131721984;
597, 307, 1157131722000;
596, 308, 1157131722015;
593, 312, 1157131722031;
591, 318, 1157131722031;
588, 325, 1157131722047;
587, 333, 1157131722062;
585, 340, 1157131722078;
584, 346, 1157131722093;
584, 350, 1157131722109;
584, 353, 1157131722109;
585, 356, 1157131722125;
587, 359, 1157131722140;
591, 362, 1157131722156;
595, 365, 1157131722172;
598, 366, 1157131722187;
602, 368, 1157131722203;
609, 369, 1157131722218;
617, 369, 1157131722218;
624, 369, 1157131722234;
628, 369, 1157131722250;
630, 369, 1157131722265;
631, 369, 1157131722281;
631, 369, 1157131722281;
