619, 308, 1157131728093;
617, 308, 1157131728109;
614, 307, 1157131728125;
612, 307, 1157131728140;
609, 307, 1157131728140;
605, 307, 1157131728156;
598, 310, 1157131728172;
590, 314, 1157131728187;
584, 318, 1157131728203;
580, 322, 1157131728218;
575, 326, 1157131728234;
571, 334, 1157131728234;
566, 342, 1157131728250;
564, 351, 1157131728265;
564, 359, 1157131728281;
564, 367, 1157131728297;
567, 375, 1157131728312;
570, 383, 1157131728328;
574, 389, 1157131728328;
578, 394, 1157131728343;
585, 398, 1157131728359;
593, 400, 1157131728375;
603, 400, 1157131728390;
609, 400, 1157131728406;
614, 398, 1157131728422;
617, 397, 1157131728422;
618, 395, 1157131728437;
619, 395, 1157131728468;
619, 395, 1157131728500;
