671, 318, 1157131733718;
669, 318, 1157131733734;
669, 317, 1157131733750;
667, 316, 1157131733765;
665, 315, 1157131733781;
662, 313, 1157131733781;
658, 311, 1157131733797;
655, 309, 1157131733812;
651, 306, 1157131733828;
645, 303, 1157131733843;
640, 302, 1157131733859;
634, 302, 1157131733875;
630, 302, 1157131733875;
627, 304, 1157131733890;
623, 309, 1157131733906;
616, 316, 1157131733922;
611, 325, 1157131733937;
605, 336, 1157131733953;
602, 348, 1157131733968;
600, 359, 1157131733968;
600, 370, 1157131733984;
603, 379, 1157131734000;
607, 388, 1157131734015;
613, 395, 1157131734031;
618, 400, 1157131734047;
624, 402, 1157131734062;
631, 402, 1157131734062;
637, 402, 1157131734078;
643, 402, 1157131734093;
647, 401, 1157131734109;
650, 400, 1157131734125;
652, 399, 1157131734140;
653, 398, 1157131734156;
654, 398, 1157131734172;
655, 397, 1157131734172;
656, 396, 1157131734203;
656, 396, 1157131734203;
