661, 294, 1157131740500;
659, 293, 1157131740515;
658, 292, 1157131740531;
656, 290, 1157131740547;
652, 288, 1157131740547;
647, 286, 1157131740562;
638, 283, 1157131740578;
630, 282, 1157131740593;
625, 282, 1157131740609;
619, 282, 1157131740625;
615, 282, 1157131740640;
612, 283, 1157131740640;
610, 285, 1157131740656;
608, 289, 1157131740672;
606, 295, 1157131740687;
605, 303, 1157131740703;
605, 311, 1157131740718;
605, 321, 1157131740734;
609, 334, 1157131740734;
616, 344, 1157131740750;
622, 352, 1157131740765;
628, 356, 1157131740781;
635, 358, 1157131740797;
643, 358, 1157131740812;
651, 358, 1157131740828;
657, 355, 1157131740843;
661, 352, 1157131740843;
662, 351, 1157131740859;
663, 350, 1157131740875;
665, 348, 1157131740890;
665, 348, 1157131740890;
