666, 302, 1157131746843;
665, 301, 1157131746859;
664, 301, 1157131746875;
662, 300, 1157131746890;
659, 298, 1157131746906;
653, 297, 1157131746906;
649, 297, 1157131746922;
643, 295, 1157131746937;
638, 295, 1157131746953;
634, 295, 1157131746968;
628, 295, 1157131746984;
625, 296, 1157131747000;
620, 300, 1157131747000;
615, 307, 1157131747015;
612, 316, 1157131747031;
609, 324, 1157131747047;
606, 336, 1157131747062;
606, 347, 1157131747078;
606, 358, 1157131747093;
609, 367, 1157131747093;
613, 376, 1157131747109;
619, 381, 1157131747125;
626, 384, 1157131747140;
633, 385, 1157131747156;
639, 385, 1157131747172;
643, 383, 1157131747187;
645, 382, 1157131747203;
647, 381, 1157131747203;
648, 380, 1157131747234;
650, 379, 1157131747250;
650, 379, 1157131747265;
