647, 333, 1157131753312;
645, 333, 1157131753343;
644, 332, 1157131753359;
642, 332, 1157131753375;
639, 331, 1157131753390;
636, 329, 1157131753406;
633, 328, 1157131753406;
630, 326, 1157131753422;
626, 325, 1157131753437;
622, 325, 1157131753453;
615, 325, 1157131753468;
608, 328, 1157131753484;
601, 334, 1157131753500;
596, 340, 1157131753500;
591, 348, 1157131753515;
587, 360, 1157131753531;
583, 370, 1157131753547;
583, 378, 1157131753562;
583, 385, 1157131753578;
586, 392, 1157131753593;
590, 398, 1157131753593;
593, 403, 1157131753609;
598, 407, 1157131753625;
605, 410, 1157131753640;
614, 412, 1157131753656;
620, 412, 1157131753672;
625, 412, 1157131753687;
627, 412, 1157131753687;
629, 412, 1157131753703;
629, 411, 1157131753718;
631, 410, 1157131753750;
631, 409, 1157131753750;
631, 409, 1157131753750;
