664, 252, 1157690832812;
663, 254, 1157690832906;
663, 256, 1157690832906;
662, 259, 1157690832922;
661, 262, 1157690832937;
661, 269, 1157690832953;
660, 276, 1157690832968;
660, 281, 1157690832968;
659, 285, 1157690832984;
659, 288, 1157690833000;
659, 290, 1157690833015;
657, 284, 1157690833093;
656, 278, 1157690833093;
655, 272, 1157690833109;
655, 266, 1157690833125;
654, 259, 1157690833140;
653, 254, 1157690833140;
651, 249, 1157690833156;
650, 246, 1157690833172;
649, 245, 1157690833187;
646, 244, 1157690833203;
643, 244, 1157690833203;
640, 245, 1157690833218;
635, 250, 1157690833234;
629, 256, 1157690833250;
624, 265, 1157690833250;
621, 273, 1157690833265;
617, 284, 1157690833281;
615, 294, 1157690833297;
613, 303, 1157690833312;
613, 317, 1157690833343;
614, 325, 1157690833343;
616, 333, 1157690833359;
619, 340, 1157690833359;
623, 348, 1157690833375;
629, 355, 1157690833390;
637, 361, 1157690833406;
644, 366, 1157690833422;
651, 368, 1157690833422;
656, 368, 1157690833437;
660, 368, 1157690833453;
665, 364, 1157690833468;
671, 359, 1157690833468;
676, 352, 1157690833484;
678, 350, 1157690833500;
679, 349, 1157690833515;
679, 348, 1157690833531;
679, 347, 1157690833547;
679, 347, 1157690833562;
