647, 249, 1157690849390;
647, 250, 1157690849453;
647, 253, 1157690849468;
646, 255, 1157690849484;
645, 259, 1157690849484;
644, 262, 1157690849500;
643, 265, 1157690849515;
643, 267, 1157690849531;
642, 269, 1157690849547;
642, 270, 1157690849562;
642, 271, 1157690849578;
641, 271, 1157690849578;
639, 268, 1157690849640;
636, 265, 1157690849656;
633, 263, 1157690849672;
629, 259, 1157690849672;
626, 255, 1157690849687;
622, 253, 1157690849703;
620, 251, 1157690849718;
618, 251, 1157690849734;
616, 250, 1157690849750;
614, 250, 1157690849765;
610, 251, 1157690849765;
605, 255, 1157690849781;
600, 261, 1157690849797;
596, 271, 1157690849812;
591, 282, 1157690849828;
588, 294, 1157690849843;
586, 325, 1157690849890;
586, 332, 1157690849890;
589, 339, 1157690849906;
593, 343, 1157690849922;
599, 347, 1157690849937;
605, 349, 1157690849953;
610, 350, 1157690849953;
613, 350, 1157690849968;
616, 350, 1157690849984;
620, 350, 1157690850000;
624, 348, 1157690850015;
630, 343, 1157690850031;
635, 338, 1157690850047;
639, 332, 1157690850062;
642, 328, 1157690850062;
642, 327, 1157690850078;
644, 325, 1157690850093;
644, 324, 1157690850109;
644, 322, 1157690850140;
644, 320, 1157690850140;
644, 319, 1157690850172;
644, 319, 1157690850218;
