603, 344, 1157131661703;
600, 343, 1157131661718;
598, 342, 1157131661734;
596, 341, 1157131661750;
594, 340, 1157131661765;
591, 339, 1157131661765;
586, 338, 1157131661781;
580, 338, 1157131661797;
575, 338, 1157131661812;
570, 340, 1157131661828;
565, 344, 1157131661843;
563, 348, 1157131661859;
561, 352, 1157131661859;
560, 356, 1157131661875;
560, 362, 1157131661890;
560, 369, 1157131661906;
562, 375, 1157131661922;
565, 379, 1157131661937;
570, 384, 1157131661937;
575, 387, 1157131661953;
578, 390, 1157131661968;
583, 390, 1157131661984;
587, 390, 1157131662000;
591, 390, 1157131662015;
591, 390, 1157131662015;
