626, 230, 1157690860109;
626, 234, 1157690860125;
625, 240, 1157690860125;
623, 245, 1157690860140;
623, 250, 1157690860156;
622, 253, 1157690860172;
621, 256, 1157690860187;
620, 258, 1157690860203;
620, 260, 1157690860218;
620, 261, 1157690860218;
620, 262, 1157690860234;
619, 260, 1157690860328;
618, 259, 1157690860328;
617, 257, 1157690860343;
616, 253, 1157690860359;
614, 250, 1157690860375;
613, 248, 1157690860390;
612, 246, 1157690860406;
610, 244, 1157690860422;
608, 244, 1157690860422;
606, 244, 1157690860437;
605, 244, 1157690860453;
603, 244, 1157690860468;
601, 245, 1157690860484;
598, 247, 1157690860500;
596, 251, 1157690860515;
594, 255, 1157690860515;
592, 262, 1157690860531;
590, 271, 1157690860547;
589, 277, 1157690860562;
589, 284, 1157690860578;
589, 291, 1157690860593;
589, 298, 1157690860609;
589, 303, 1157690860609;
591, 307, 1157690860625;
593, 309, 1157690860640;
596, 310, 1157690860656;
599, 311, 1157690860672;
604, 311, 1157690860687;
607, 311, 1157690860703;
611, 308, 1157690860703;
617, 304, 1157690860718;
623, 298, 1157690860734;
626, 293, 1157690860750;
629, 290, 1157690860765;
631, 287, 1157690860781;
631, 286, 1157690860797;
631, 285, 1157690860797;
631, 285, 1157690860890;
