595, 311, 1157131668531;
595, 309, 1157131668578;
593, 309, 1157131668593;
591, 307, 1157131668593;
587, 306, 1157131668609;
583, 306, 1157131668625;
579, 306, 1157131668640;
576, 306, 1157131668656;
573, 306, 1157131668672;
570, 306, 1157131668687;
569, 306, 1157131668687;
567, 308, 1157131668703;
564, 314, 1157131668718;
561, 320, 1157131668734;
559, 327, 1157131668750;
558, 335, 1157131668765;
558, 342, 1157131668781;
558, 348, 1157131668781;
559, 352, 1157131668797;
563, 356, 1157131668812;
566, 358, 1157131668828;
569, 359, 1157131668843;
572, 360, 1157131668859;
575, 360, 1157131668875;
578, 360, 1157131668875;
582, 360, 1157131668890;
586, 360, 1157131668906;
586, 360, 1157131668906;
