646, 307, 1157131675672;
645, 307, 1157131675687;
642, 304, 1157131675703;
640, 303, 1157131675718;
637, 301, 1157131675734;
633, 300, 1157131675750;
629, 298, 1157131675750;
624, 296, 1157131675765;
619, 296, 1157131675781;
615, 296, 1157131675797;
611, 296, 1157131675812;
607, 297, 1157131675828;
603, 302, 1157131675843;
598, 308, 1157131675843;
593, 317, 1157131675859;
586, 329, 1157131675875;
582, 338, 1157131675890;
580, 347, 1157131675906;
579, 356, 1157131675922;
579, 365, 1157131675937;
582, 373, 1157131675937;
586, 381, 1157131675953;
592, 386, 1157131675968;
597, 388, 1157131675984;
602, 389, 1157131676000;
609, 389, 1157131676015;
618, 389, 1157131676031;
627, 386, 1157131676031;
632, 385, 1157131676047;
635, 384, 1157131676062;
638, 384, 1157131676078;
638, 383, 1157131676093;
639, 383, 1157131676109;
639, 383, 1157131676109;
