742, 267, 1157131681328;
741, 267, 1157131681343;
740, 267, 1157131681375;
739, 267, 1157131681390;
738, 267, 1157131681406;
736, 267, 1157131681437;
733, 266, 1157131681453;
729, 266, 1157131681468;
724, 265, 1157131681484;
717, 264, 1157131681484;
711, 263, 1157131681500;
703, 263, 1157131681515;
693, 265, 1157131681531;
684, 268, 1157131681547;
678, 272, 1157131681562;
674, 275, 1157131681578;
673, 278, 1157131681578;
671, 281, 1157131681593;
670, 285, 1157131681609;
670, 292, 1157131681625;
670, 299, 1157131681640;
672, 306, 1157131681656;
677, 312, 1157131681672;
683, 317, 1157131681672;
689, 321, 1157131681687;
696, 323, 1157131681703;
703, 324, 1157131681718;
707, 324, 1157131681734;
710, 324, 1157131681750;
712, 324, 1157131681765;
712, 324, 1157131681765;
