636, 315, 1157131687109;
632, 313, 1157131687156;
629, 311, 1157131687172;
624, 310, 1157131687187;
618, 308, 1157131687203;
613, 307, 1157131687203;
606, 307, 1157131687218;
600, 307, 1157131687234;
596, 307, 1157131687250;
593, 307, 1157131687265;
591, 309, 1157131687281;
588, 312, 1157131687297;
584, 317, 1157131687297;
580, 325, 1157131687312;
575, 334, 1157131687328;
572, 342, 1157131687343;
572, 352, 1157131687359;
572, 360, 1157131687375;
575, 367, 1157131687375;
579, 373, 1157131687390;
582, 376, 1157131687406;
585, 378, 1157131687422;
589, 380, 1157131687437;
592, 380, 1157131687453;
596, 380, 1157131687468;
600, 380, 1157131687484;
604, 378, 1157131687484;
607, 377, 1157131687500;
609, 376, 1157131687515;
612, 374, 1157131687531;
612, 374, 1157131687531;
