596, 346, 1157131693547;
596, 344, 1157131693625;
596, 343, 1157131693640;
595, 342, 1157131693640;
593, 340, 1157131693656;
590, 339, 1157131693672;
587, 337, 1157131693687;
582, 335, 1157131693703;
579, 334, 1157131693718;
576, 334, 1157131693734;
574, 334, 1157131693734;
572, 334, 1157131693750;
570, 335, 1157131693765;
567, 337, 1157131693781;
565, 342, 1157131693797;
563, 346, 1157131693812;
561, 352, 1157131693812;
560, 358, 1157131693828;
560, 363, 1157131693843;
561, 369, 1157131693859;
564, 374, 1157131693875;
568, 379, 1157131693890;
571, 383, 1157131693906;
574, 387, 1157131693922;
579, 388, 1157131693922;
583, 389, 1157131693937;
589, 389, 1157131693953;
597, 386, 1157131693968;
603, 385, 1157131693984;
607, 381, 1157131694000;
610, 379, 1157131694015;
610, 378, 1157131694015;
611, 378, 1157131694031;
611, 377, 1157131694047;
611, 377, 1157131694047;
