592, 357, 1157131699093;
592, 356, 1157131699140;
590, 355, 1157131699156;
588, 354, 1157131699172;
584, 351, 1157131699187;
578, 348, 1157131699203;
573, 346, 1157131699203;
569, 345, 1157131699218;
565, 345, 1157131699234;
560, 345, 1157131699250;
557, 345, 1157131699265;
553, 345, 1157131699281;
549, 347, 1157131699297;
542, 356, 1157131699297;
538, 366, 1157131699312;
533, 378, 1157131699328;
531, 389, 1157131699343;
531, 397, 1157131699359;
534, 405, 1157131699375;
538, 414, 1157131699390;
544, 419, 1157131699390;
554, 423, 1157131699406;
563, 425, 1157131699422;
569, 425, 1157131699437;
573, 425, 1157131699453;
575, 423, 1157131699468;
575, 423, 1157131699468;
