610, 335, 1157131704125;
608, 333, 1157131704140;
605, 332, 1157131704156;
602, 330, 1157131704172;
600, 328, 1157131704187;
596, 325, 1157131704203;
593, 324, 1157131704203;
590, 323, 1157131704218;
586, 323, 1157131704234;
581, 323, 1157131704250;
578, 324, 1157131704265;
575, 327, 1157131704281;
572, 331, 1157131704281;
569, 339, 1157131704297;
567, 347, 1157131704312;
566, 355, 1157131704328;
566, 363, 1157131704343;
566, 372, 1157131704359;
568, 381, 1157131704375;
572, 387, 1157131704390;
577, 393, 1157131704390;
584, 397, 1157131704406;
592, 399, 1157131704422;
598, 399, 1157131704437;
602, 399, 1157131704453;
604, 399, 1157131704468;
605, 398, 1157131704468;
606, 398, 1157131704484;
606, 397, 1157131704500;
606, 397, 1157131704500;
