509, 307, 1157136942765;
509, 306, 1157136942843;
509, 305, 1157136942843;
509, 304, 1157136942859;
509, 303, 1157136942875;
509, 300, 1157136942890;
509, 299, 1157136942906;
508, 296, 1157136942922;
507, 292, 1157136942937;
505, 285, 1157136942937;
501, 277, 1157136942953;
496, 271, 1157136942968;
491, 266, 1157136942984;
485, 264, 1157136943000;
480, 262, 1157136943015;
476, 262, 1157136943031;
472, 263, 1157136943031;
467, 268, 1157136943047;
460, 276, 1157136943062;
454, 286, 1157136943078;
448, 297, 1157136943093;
446, 308, 1157136943109;
445, 320, 1157136943125;
445, 330, 1157136943125;
449, 341, 1157136943140;
454, 352, 1157136943156;
459, 362, 1157136943172;
464, 369, 1157136943187;
467, 378, 1157136943203;
470, 386, 1157136943218;
472, 393, 1157136943218;
473, 401, 1157136943234;
474, 407, 1157136943250;
475, 414, 1157136943265;
475, 419, 1157136943281;
475, 421, 1157136943297;
475, 422, 1157136943312;
473, 429, 1157136943312;
471, 435, 1157136943328;
470, 437, 1157136943343;
469, 438, 1157136943359;
468, 440, 1157136943375;
464, 445, 1157136943390;
454, 450, 1157136943406;
444, 453, 1157136943406;
436, 453, 1157136943422;
431, 453, 1157136943437;
426, 448, 1157136943453;
420, 439, 1157136943468;
419, 428, 1157136943484;
418, 415, 1157136943500;
418, 403, 1157136943515;
418, 395, 1157136943515;
418, 387, 1157136943531;
421, 379, 1157136943547;
423, 374, 1157136943562;
428, 370, 1157136943578;
433, 368, 1157136943593;
440, 368, 1157136943593;
450, 368, 1157136943609;
460, 366, 1157136943625;
469, 366, 1157136943640;
480, 363, 1157136943656;
495, 360, 1157136943672;
506, 358, 1157136943687;
513, 357, 1157136943703;
516, 357, 1157136943703;
517, 356, 1157136943718;
518, 356, 1157136943734;
518, 356, 1157136943765;
