548, 295, 1157141047718;
547, 294, 1157141047734;
546, 294, 1157141047750;
545, 292, 1157141047765;
544, 290, 1157141047765;
541, 288, 1157141047781;
540, 286, 1157141047797;
537, 284, 1157141047812;
534, 283, 1157141047828;
531, 283, 1157141047828;
528, 283, 1157141047843;
527, 284, 1157141047859;
523, 288, 1157141047875;
521, 294, 1157141047875;
517, 305, 1157141047890;
514, 319, 1157141047906;
513, 337, 1157141047922;
513, 362, 1157141047937;
513, 386, 1157141047937;
517, 413, 1157141047953;
519, 435, 1157141047968;
521, 450, 1157141047984;
521, 461, 1157141048000;
521, 466, 1157141048000;
521, 469, 1157141048015;
519, 471, 1157141048047;
516, 474, 1157141048062;
511, 475, 1157141048062;
507, 475, 1157141048078;
503, 473, 1157141048093;
500, 469, 1157141048109;
498, 461, 1157141048109;
498, 449, 1157141048125;
502, 435, 1157141048140;
506, 427, 1157141048156;
510, 422, 1157141048156;
515, 418, 1157141048172;
518, 417, 1157141048187;
524, 414, 1157141048203;
532, 412, 1157141048218;
538, 410, 1157141048218;
542, 409, 1157141048234;
544, 409, 1157141048250;
545, 409, 1157141048265;
546, 409, 1157141048265;
546, 408, 1157141048297;
546, 408, 1157141048343;
