561, 236, 1157141054687;
554, 231, 1157141054750;
547, 226, 1157141054765;
539, 220, 1157141054781;
532, 215, 1157141054781;
526, 212, 1157141054797;
523, 210, 1157141054812;
518, 208, 1157141054828;
516, 208, 1157141054843;
514, 208, 1157141054843;
512, 210, 1157141054859;
508, 216, 1157141054875;
500, 231, 1157141054890;
495, 247, 1157141054906;
490, 267, 1157141054906;
488, 282, 1157141054922;
488, 298, 1157141054937;
488, 313, 1157141054953;
488, 326, 1157141054953;
489, 334, 1157141054968;
489, 341, 1157141054984;
489, 343, 1157141055000;
489, 345, 1157141055015;
487, 346, 1157141055047;
485, 347, 1157141055062;
482, 349, 1157141055062;
477, 350, 1157141055078;
473, 350, 1157141055093;
469, 348, 1157141055109;
466, 346, 1157141055125;
463, 343, 1157141055125;
460, 339, 1157141055140;
459, 335, 1157141055156;
459, 331, 1157141055172;
459, 325, 1157141055172;
463, 319, 1157141055187;
469, 313, 1157141055203;
476, 309, 1157141055218;
485, 303, 1157141055234;
492, 300, 1157141055234;
500, 299, 1157141055250;
507, 299, 1157141055265;
512, 299, 1157141055281;
515, 299, 1157141055281;
516, 300, 1157141055297;
517, 300, 1157141055328;
516, 300, 1157141055406;
516, 300, 1157141055406;
