513, 267, 1157141062234;
510, 267, 1157141062343;
507, 267, 1157141062343;
503, 266, 1157141062359;
501, 266, 1157141062375;
498, 266, 1157141062390;
497, 266, 1157141062390;
496, 267, 1157141062406;
494, 270, 1157141062422;
491, 277, 1157141062437;
489, 288, 1157141062437;
487, 305, 1157141062453;
485, 330, 1157141062468;
485, 355, 1157141062484;
486, 380, 1157141062500;
489, 403, 1157141062500;
491, 421, 1157141062515;
491, 432, 1157141062531;
492, 440, 1157141062547;
492, 443, 1157141062562;
490, 444, 1157141062578;
484, 444, 1157141062593;
480, 444, 1157141062609;
476, 441, 1157141062609;
472, 438, 1157141062625;
469, 432, 1157141062640;
468, 424, 1157141062656;
468, 415, 1157141062672;
470, 405, 1157141062672;
474, 397, 1157141062687;
480, 389, 1157141062703;
489, 382, 1157141062718;
496, 377, 1157141062734;
501, 375, 1157141062734;
506, 375, 1157141062750;
510, 375, 1157141062765;
515, 376, 1157141062781;
518, 378, 1157141062781;
520, 379, 1157141062797;
521, 379, 1157141062812;
522, 379, 1157141062828;
522, 379, 1157141062843;
