496, 353, 1157141069047;
496, 351, 1157141069078;
494, 349, 1157141069093;
493, 346, 1157141069093;
490, 344, 1157141069109;
488, 342, 1157141069125;
486, 338, 1157141069140;
483, 334, 1157141069140;
482, 329, 1157141069156;
480, 327, 1157141069172;
479, 325, 1157141069187;
476, 324, 1157141069203;
475, 323, 1157141069203;
473, 324, 1157141069234;
472, 327, 1157141069250;
467, 334, 1157141069250;
464, 344, 1157141069265;
462, 356, 1157141069281;
461, 371, 1157141069297;
460, 389, 1157141069312;
460, 406, 1157141069312;
460, 420, 1157141069328;
460, 433, 1157141069343;
460, 444, 1157141069359;
460, 451, 1157141069375;
459, 456, 1157141069375;
456, 462, 1157141069390;
453, 467, 1157141069406;
450, 470, 1157141069422;
449, 474, 1157141069422;
447, 474, 1157141069437;
446, 474, 1157141069453;
445, 474, 1157141069468;
442, 474, 1157141069484;
439, 472, 1157141069484;
436, 469, 1157141069500;
432, 466, 1157141069515;
431, 463, 1157141069531;
431, 461, 1157141069531;
431, 456, 1157141069547;
435, 450, 1157141069562;
438, 445, 1157141069578;
443, 442, 1157141069593;
446, 440, 1157141069593;
451, 437, 1157141069609;
455, 436, 1157141069625;
462, 435, 1157141069640;
468, 435, 1157141069640;
471, 435, 1157141069656;
474, 435, 1157141069672;
475, 435, 1157141069687;
476, 435, 1157141069703;
476, 435, 1157141069765;
