496, 294, 1157141075187;
496, 293, 1157141075203;
496, 292, 1157141075234;
496, 291, 1157141075250;
494, 289, 1157141075265;
493, 288, 1157141075281;
492, 284, 1157141075297;
489, 278, 1157141075297;
487, 271, 1157141075312;
484, 262, 1157141075328;
482, 254, 1157141075343;
478, 246, 1157141075359;
476, 241, 1157141075359;
473, 239, 1157141075375;
470, 237, 1157141075390;
467, 237, 1157141075406;
463, 238, 1157141075406;
459, 241, 1157141075422;
456, 244, 1157141075437;
453, 247, 1157141075453;
451, 252, 1157141075468;
450, 261, 1157141075468;
450, 269, 1157141075484;
450, 279, 1157141075500;
450, 293, 1157141075515;
451, 307, 1157141075531;
453, 321, 1157141075531;
456, 334, 1157141075547;
457, 345, 1157141075562;
458, 354, 1157141075578;
458, 361, 1157141075578;
458, 366, 1157141075593;
458, 370, 1157141075609;
458, 373, 1157141075625;
456, 378, 1157141075640;
452, 384, 1157141075640;
450, 388, 1157141075656;
447, 393, 1157141075672;
446, 395, 1157141075687;
445, 397, 1157141075687;
444, 398, 1157141075703;
442, 399, 1157141075718;
441, 399, 1157141075734;
440, 399, 1157141075750;
438, 399, 1157141075750;
437, 398, 1157141075765;
436, 396, 1157141075781;
436, 392, 1157141075797;
435, 389, 1157141075797;
435, 386, 1157141075812;
435, 384, 1157141075828;
437, 380, 1157141075843;
440, 375, 1157141075859;
444, 369, 1157141075859;
449, 363, 1157141075875;
456, 357, 1157141075890;
465, 353, 1157141075906;
471, 351, 1157141075922;
476, 351, 1157141075922;
480, 351, 1157141075937;
482, 351, 1157141075953;
484, 351, 1157141075968;
487, 352, 1157141075968;
488, 353, 1157141075984;
489, 354, 1157141076000;
491, 354, 1157141076015;
492, 354, 1157141076015;
494, 355, 1157141076031;
496, 355, 1157141076047;
499, 355, 1157141076062;
500, 355, 1157141076078;
501, 355, 1157141076078;
501, 355, 1157141076078;
