489, 305, 1157141080640;
487, 303, 1157141080718;
486, 302, 1157141080734;
484, 301, 1157141080750;
482, 298, 1157141080750;
478, 295, 1157141080765;
476, 290, 1157141080781;
472, 287, 1157141080797;
468, 287, 1157141080812;
463, 286, 1157141080812;
459, 286, 1157141080828;
456, 286, 1157141080843;
453, 286, 1157141080859;
451, 286, 1157141080859;
448, 286, 1157141080875;
445, 290, 1157141080890;
440, 298, 1157141080906;
437, 308, 1157141080922;
436, 320, 1157141080922;
435, 333, 1157141080937;
435, 348, 1157141080953;
435, 364, 1157141080968;
436, 379, 1157141080984;
437, 393, 1157141080984;
438, 407, 1157141081000;
438, 419, 1157141081015;
438, 430, 1157141081031;
438, 441, 1157141081031;
435, 449, 1157141081047;
430, 457, 1157141081062;
424, 464, 1157141081078;
415, 470, 1157141081078;
407, 474, 1157141081093;
401, 476, 1157141081109;
397, 476, 1157141081125;
394, 476, 1157141081140;
391, 473, 1157141081140;
388, 470, 1157141081156;
385, 465, 1157141081172;
382, 459, 1157141081187;
381, 451, 1157141081203;
380, 440, 1157141081203;
380, 429, 1157141081218;
382, 416, 1157141081234;
384, 408, 1157141081250;
386, 402, 1157141081250;
389, 397, 1157141081265;
391, 394, 1157141081281;
396, 390, 1157141081297;
402, 387, 1157141081312;
410, 386, 1157141081312;
419, 385, 1157141081328;
429, 385, 1157141081343;
437, 388, 1157141081359;
445, 390, 1157141081359;
455, 392, 1157141081375;
463, 395, 1157141081390;
470, 396, 1157141081406;
474, 398, 1157141081422;
476, 398, 1157141081422;
477, 398, 1157141081453;
477, 398, 1157141081500;
