514, 353, 1157141088297;
514, 352, 1157141088359;
514, 351, 1157141088359;
513, 350, 1157141088375;
513, 348, 1157141088390;
512, 346, 1157141088406;
512, 344, 1157141088422;
511, 342, 1157141088422;
510, 340, 1157141088437;
509, 338, 1157141088453;
508, 338, 1157141088468;
507, 338, 1157141088468;
506, 338, 1157141088500;
505, 340, 1157141088531;
503, 342, 1157141088531;
502, 345, 1157141088547;
501, 348, 1157141088562;
501, 351, 1157141088578;
500, 356, 1157141088578;
500, 361, 1157141088593;
500, 368, 1157141088609;
500, 373, 1157141088625;
500, 377, 1157141088640;
500, 382, 1157141088640;
500, 385, 1157141088656;
500, 387, 1157141088672;
500, 388, 1157141088687;
498, 388, 1157141088750;
496, 387, 1157141088750;
495, 386, 1157141088765;
493, 385, 1157141088781;
492, 383, 1157141088797;
492, 382, 1157141088797;
492, 379, 1157141088812;
493, 376, 1157141088828;
495, 374, 1157141088843;
499, 371, 1157141088859;
501, 370, 1157141088859;
503, 369, 1157141088875;
505, 369, 1157141088890;
506, 369, 1157141088906;
507, 369, 1157141088922;
508, 369, 1157141088922;
508, 369, 1157141088968;
