496, 344, 1157141095000;
496, 343, 1157141095000;
496, 342, 1157141095031;
496, 341, 1157141095047;
496, 339, 1157141095047;
495, 337, 1157141095062;
493, 333, 1157141095078;
492, 328, 1157141095093;
490, 321, 1157141095093;
488, 315, 1157141095109;
484, 307, 1157141095125;
479, 295, 1157141095140;
472, 287, 1157141095156;
467, 282, 1157141095156;
463, 278, 1157141095172;
460, 277, 1157141095187;
459, 277, 1157141095203;
458, 277, 1157141095218;
456, 278, 1157141095218;
455, 283, 1157141095234;
452, 291, 1157141095250;
450, 300, 1157141095265;
450, 310, 1157141095281;
448, 322, 1157141095281;
448, 336, 1157141095297;
448, 352, 1157141095312;
448, 366, 1157141095328;
448, 381, 1157141095328;
448, 393, 1157141095343;
448, 402, 1157141095359;
446, 410, 1157141095375;
445, 416, 1157141095375;
442, 421, 1157141095390;
439, 424, 1157141095406;
436, 427, 1157141095422;
433, 428, 1157141095437;
432, 428, 1157141095453;
430, 428, 1157141095468;
427, 428, 1157141095484;
425, 428, 1157141095500;
423, 426, 1157141095500;
421, 423, 1157141095515;
419, 418, 1157141095531;
419, 411, 1157141095547;
419, 405, 1157141095547;
421, 399, 1157141095562;
425, 394, 1157141095578;
430, 389, 1157141095593;
437, 385, 1157141095609;
443, 383, 1157141095609;
447, 381, 1157141095625;
451, 380, 1157141095640;
457, 379, 1157141095656;
461, 378, 1157141095656;
465, 378, 1157141095672;
471, 377, 1157141095687;
474, 376, 1157141095703;
478, 376, 1157141095718;
480, 375, 1157141095718;
482, 374, 1157141095734;
484, 373, 1157141095750;
484, 373, 1157141095750;
