609, 415, 1157690954781;
609, 414, 1157690954812;
609, 412, 1157690954859;
609, 409, 1157690954875;
609, 406, 1157690954890;
611, 402, 1157690954890;
614, 397, 1157690954906;
617, 389, 1157690954922;
622, 379, 1157690954937;
628, 368, 1157690954953;
633, 354, 1157690954968;
638, 337, 1157690954968;
640, 326, 1157690954984;
641, 316, 1157690955000;
641, 309, 1157690955015;
641, 305, 1157690955031;
641, 302, 1157690955047;
639, 300, 1157690955062;
638, 300, 1157690955062;
636, 300, 1157690955078;
634, 301, 1157690955093;
630, 306, 1157690955109;
626, 312, 1157690955125;
621, 321, 1157690955140;
619, 329, 1157690955156;
617, 339, 1157690955172;
615, 352, 1157690955172;
613, 366, 1157690955187;
612, 379, 1157690955203;
609, 394, 1157690955218;
608, 406, 1157690955234;
607, 418, 1157690955250;
607, 429, 1157690955250;
605, 439, 1157690955265;
605, 450, 1157690955281;
605, 459, 1157690955297;
605, 467, 1157690955312;
605, 473, 1157690955328;
606, 476, 1157690955343;
607, 478, 1157690955359;
608, 480, 1157690955359;
608, 481, 1157690955375;
609, 482, 1157690955390;
611, 482, 1157690955406;
613, 482, 1157690955422;
615, 482, 1157690955437;
617, 482, 1157690955437;
618, 481, 1157690955453;
620, 479, 1157690955468;
622, 477, 1157690955484;
625, 472, 1157690955500;
627, 465, 1157690955515;
628, 460, 1157690955531;
628, 454, 1157690955547;
628, 449, 1157690955547;
628, 444, 1157690955562;
628, 438, 1157690955578;
627, 434, 1157690955593;
625, 429, 1157690955609;
623, 425, 1157690955625;
621, 421, 1157690955640;
619, 419, 1157690955640;
618, 418, 1157690955656;
616, 416, 1157690955672;
615, 416, 1157690955687;
613, 414, 1157690955703;
612, 414, 1157690955734;
612, 413, 1157690955734;
611, 413, 1157690955750;
611, 413, 1157690955765;
