592, 384, 1157690970484;
593, 383, 1157690970500;
595, 383, 1157690970515;
597, 382, 1157690970531;
599, 381, 1157690970531;
601, 380, 1157690970547;
603, 377, 1157690970562;
608, 371, 1157690970578;
616, 362, 1157690970593;
628, 347, 1157690970609;
643, 321, 1157690970625;
653, 297, 1157690970625;
663, 270, 1157690970640;
675, 241, 1157690970656;
684, 219, 1157690970672;
689, 205, 1157690970687;
691, 198, 1157690970703;
691, 195, 1157690970718;
691, 194, 1157690970718;
688, 195, 1157690970765;
681, 201, 1157690970781;
675, 210, 1157690970797;
667, 221, 1157690970812;
656, 240, 1157690970812;
646, 261, 1157690970828;
635, 284, 1157690970843;
625, 311, 1157690970859;
616, 339, 1157690970875;
607, 369, 1157690970890;
601, 398, 1157690970906;
596, 427, 1157690970906;
593, 450, 1157690970922;
590, 471, 1157690970937;
590, 485, 1157690970953;
590, 496, 1157690970968;
590, 505, 1157690970984;
591, 511, 1157690971000;
593, 517, 1157690971000;
595, 519, 1157690971015;
596, 520, 1157690971031;
599, 520, 1157690971047;
605, 517, 1157690971062;
611, 511, 1157690971078;
616, 503, 1157690971093;
620, 496, 1157690971109;
622, 486, 1157690971109;
624, 474, 1157690971125;
626, 464, 1157690971140;
626, 454, 1157690971156;
626, 445, 1157690971172;
624, 434, 1157690971187;
623, 426, 1157690971187;
621, 418, 1157690971203;
619, 412, 1157690971218;
618, 407, 1157690971234;
616, 403, 1157690971250;
614, 400, 1157690971265;
612, 396, 1157690971281;
610, 394, 1157690971281;
609, 393, 1157690971297;
609, 392, 1157690971312;
609, 392, 1157690971312;
