490, 298, 1157136958656;
490, 296, 1157136958687;
488, 295, 1157136958703;
485, 293, 1157136958718;
483, 291, 1157136958734;
479, 287, 1157136958750;
475, 285, 1157136958765;
472, 283, 1157136958765;
469, 281, 1157136958781;
465, 281, 1157136958797;
462, 281, 1157136958812;
459, 282, 1157136958828;
455, 287, 1157136958843;
451, 292, 1157136958859;
448, 299, 1157136958859;
445, 310, 1157136958875;
443, 323, 1157136958890;
443, 336, 1157136958906;
446, 354, 1157136958922;
452, 373, 1157136958937;
457, 389, 1157136958953;
462, 402, 1157136958953;
466, 414, 1157136958968;
468, 425, 1157136958984;
468, 434, 1157136959000;
468, 440, 1157136959015;
462, 446, 1157136959031;
454, 450, 1157136959047;
447, 452, 1157136959047;
438, 452, 1157136959062;
427, 452, 1157136959078;
417, 448, 1157136959093;
411, 442, 1157136959109;
407, 435, 1157136959125;
406, 427, 1157136959140;
406, 420, 1157136959156;
411, 410, 1157136959156;
419, 399, 1157136959172;
429, 387, 1157136959187;
439, 379, 1157136959203;
449, 374, 1157136959218;
462, 369, 1157136959234;
471, 368, 1157136959234;
479, 367, 1157136959250;
483, 367, 1157136959265;
485, 367, 1157136959281;
486, 366, 1157136959297;
487, 366, 1157136959312;
487, 365, 1157136959328;
487, 364, 1157136959343;
487, 364, 1157136959343;
