591, 406, 1157690981625;
592, 406, 1157690981703;
595, 403, 1157690981718;
599, 398, 1157690981734;
603, 392, 1157690981750;
607, 386, 1157690981765;
610, 377, 1157690981781;
613, 367, 1157690981781;
617, 351, 1157690981797;
622, 335, 1157690981812;
625, 323, 1157690981828;
625, 317, 1157690981843;
625, 315, 1157690981859;
623, 314, 1157690981875;
620, 313, 1157690981875;
618, 312, 1157690981890;
616, 312, 1157690981906;
614, 312, 1157690981922;
612, 312, 1157690981937;
611, 312, 1157690981968;
610, 312, 1157690981984;
609, 315, 1157690982015;
607, 319, 1157690982031;
605, 326, 1157690982047;
603, 336, 1157690982062;
599, 349, 1157690982078;
598, 363, 1157690982078;
596, 382, 1157690982093;
593, 402, 1157690982109;
592, 425, 1157690982125;
589, 445, 1157690982140;
587, 465, 1157690982156;
586, 478, 1157690982172;
585, 490, 1157690982172;
585, 500, 1157690982187;
585, 505, 1157690982203;
585, 508, 1157690982218;
585, 509, 1157690982234;
585, 510, 1157690982250;
586, 510, 1157690982265;
588, 510, 1157690982265;
589, 509, 1157690982281;
591, 507, 1157690982297;
594, 504, 1157690982312;
597, 499, 1157690982328;
600, 493, 1157690982343;
604, 485, 1157690982359;
606, 474, 1157690982359;
607, 462, 1157690982375;
608, 451, 1157690982390;
608, 443, 1157690982406;
608, 437, 1157690982422;
608, 430, 1157690982437;
607, 423, 1157690982453;
606, 416, 1157690982453;
605, 412, 1157690982468;
603, 407, 1157690982484;
601, 405, 1157690982500;
600, 404, 1157690982515;
599, 402, 1157690982531;
598, 400, 1157690982547;
596, 399, 1157690982547;
596, 398, 1157690982562;
595, 397, 1157690982578;
594, 397, 1157690982593;
594, 397, 1157690982593;
