553, 322, 1157136966109;
553, 320, 1157136966156;
551, 319, 1157136966187;
551, 318, 1157136966187;
548, 316, 1157136966203;
544, 311, 1157136966218;
541, 307, 1157136966234;
536, 302, 1157136966250;
532, 300, 1157136966265;
530, 298, 1157136966281;
526, 297, 1157136966297;
523, 297, 1157136966297;
521, 297, 1157136966312;
519, 299, 1157136966328;
517, 304, 1157136966343;
515, 312, 1157136966359;
514, 323, 1157136966375;
514, 334, 1157136966375;
514, 344, 1157136966390;
515, 356, 1157136966406;
517, 369, 1157136966422;
519, 379, 1157136966437;
521, 389, 1157136966453;
521, 394, 1157136966468;
521, 397, 1157136966484;
519, 401, 1157136966484;
513, 405, 1157136966500;
507, 409, 1157136966515;
501, 410, 1157136966531;
497, 410, 1157136966547;
492, 410, 1157136966562;
487, 407, 1157136966578;
482, 405, 1157136966578;
481, 403, 1157136966593;
479, 402, 1157136966609;
479, 401, 1157136966625;
480, 400, 1157136966656;
483, 394, 1157136966672;
489, 384, 1157136966672;
495, 376, 1157136966687;
504, 369, 1157136966703;
514, 364, 1157136966718;
524, 360, 1157136966734;
532, 358, 1157136966750;
538, 356, 1157136966765;
546, 354, 1157136966765;
553, 353, 1157136966781;
557, 353, 1157136966797;
559, 353, 1157136966812;
561, 353, 1157136966828;
562, 353, 1157136966843;
563, 352, 1157136966859;
563, 352, 1157136966875;
