558, 339, 1157136974734;
557, 338, 1157136974812;
557, 337, 1157136974828;
556, 336, 1157136974843;
555, 334, 1157136974859;
553, 332, 1157136974875;
550, 328, 1157136974875;
545, 323, 1157136974890;
536, 318, 1157136974906;
530, 313, 1157136974922;
526, 311, 1157136974937;
522, 310, 1157136974953;
521, 310, 1157136974968;
519, 311, 1157136974984;
516, 313, 1157136974984;
512, 319, 1157136975000;
506, 329, 1157136975015;
502, 342, 1157136975031;
499, 355, 1157136975047;
498, 370, 1157136975062;
498, 384, 1157136975078;
498, 399, 1157136975078;
498, 409, 1157136975093;
498, 419, 1157136975109;
498, 427, 1157136975125;
498, 430, 1157136975140;
496, 434, 1157136975156;
490, 439, 1157136975172;
484, 443, 1157136975172;
478, 446, 1157136975187;
473, 447, 1157136975203;
469, 447, 1157136975218;
465, 444, 1157136975234;
462, 437, 1157136975250;
459, 428, 1157136975265;
459, 418, 1157136975265;
463, 405, 1157136975281;
469, 394, 1157136975297;
474, 387, 1157136975312;
479, 383, 1157136975328;
484, 380, 1157136975343;
491, 379, 1157136975359;
501, 379, 1157136975359;
507, 379, 1157136975375;
513, 379, 1157136975390;
517, 379, 1157136975406;
519, 381, 1157136975422;
520, 381, 1157136975437;
521, 382, 1157136975453;
521, 382, 1157136975515;
