507, 316, 1157136981015;
507, 315, 1157136981093;
507, 314, 1157136981093;
507, 312, 1157136981109;
505, 309, 1157136981125;
501, 305, 1157136981140;
494, 300, 1157136981156;
487, 295, 1157136981172;
482, 291, 1157136981187;
479, 288, 1157136981187;
477, 287, 1157136981203;
475, 287, 1157136981218;
475, 289, 1157136981234;
473, 294, 1157136981250;
470, 305, 1157136981265;
468, 318, 1157136981281;
468, 336, 1157136981281;
468, 353, 1157136981297;
469, 373, 1157136981312;
470, 387, 1157136981328;
471, 401, 1157136981343;
471, 411, 1157136981359;
471, 417, 1157136981359;
471, 419, 1157136981375;
469, 420, 1157136981390;
463, 422, 1157136981406;
453, 423, 1157136981422;
447, 423, 1157136981437;
441, 421, 1157136981453;
437, 416, 1157136981468;
435, 410, 1157136981468;
434, 404, 1157136981484;
433, 396, 1157136981500;
433, 390, 1157136981515;
433, 387, 1157136981531;
434, 380, 1157136981547;
440, 372, 1157136981562;
447, 364, 1157136981562;
457, 359, 1157136981578;
466, 358, 1157136981593;
475, 358, 1157136981609;
481, 358, 1157136981625;
488, 360, 1157136981640;
497, 362, 1157136981656;
503, 363, 1157136981656;
506, 363, 1157136981672;
509, 363, 1157136981687;
510, 363, 1157136981703;
512, 363, 1157136981718;
513, 363, 1157136981734;
514, 363, 1157136981750;
515, 363, 1157136981750;
515, 363, 1157136981781;
