504, 332, 1157136986906;
504, 331, 1157136986984;
504, 330, 1157136987000;
503, 329, 1157136987000;
502, 327, 1157136987015;
500, 325, 1157136987031;
497, 321, 1157136987047;
492, 316, 1157136987062;
487, 310, 1157136987078;
482, 306, 1157136987093;
479, 304, 1157136987093;
476, 303, 1157136987109;
474, 303, 1157136987125;
473, 303, 1157136987140;
472, 304, 1157136987156;
470, 311, 1157136987172;
468, 320, 1157136987187;
465, 333, 1157136987187;
465, 347, 1157136987203;
465, 363, 1157136987218;
466, 380, 1157136987234;
468, 394, 1157136987250;
470, 406, 1157136987265;
472, 414, 1157136987281;
473, 422, 1157136987281;
473, 429, 1157136987297;
473, 436, 1157136987312;
469, 443, 1157136987328;
468, 449, 1157136987343;
466, 452, 1157136987359;
464, 454, 1157136987375;
456, 459, 1157136987375;
448, 463, 1157136987390;
441, 465, 1157136987406;
431, 465, 1157136987422;
422, 465, 1157136987437;
416, 462, 1157136987453;
414, 458, 1157136987468;
413, 454, 1157136987468;
413, 447, 1157136987484;
414, 441, 1157136987500;
418, 435, 1157136987515;
424, 428, 1157136987531;
430, 423, 1157136987547;
434, 420, 1157136987562;
443, 417, 1157136987562;
454, 415, 1157136987578;
463, 414, 1157136987593;
471, 414, 1157136987609;
478, 414, 1157136987625;
482, 415, 1157136987640;
487, 416, 1157136987656;
490, 417, 1157136987672;
493, 417, 1157136987672;
494, 417, 1157136987687;
495, 417, 1157136987703;
495, 417, 1157136987734;
