494, 342, 1157141023922;
495, 342, 1157141023937;
495, 341, 1157141023953;
495, 340, 1157141023984;
493, 339, 1157141024031;
492, 336, 1157141024031;
489, 335, 1157141024047;
487, 331, 1157141024062;
483, 328, 1157141024078;
480, 323, 1157141024078;
477, 318, 1157141024093;
474, 316, 1157141024109;
471, 314, 1157141024125;
468, 314, 1157141024140;
465, 314, 1157141024140;
463, 314, 1157141024156;
460, 314, 1157141024172;
458, 315, 1157141024187;
456, 318, 1157141024187;
454, 323, 1157141024203;
453, 328, 1157141024218;
453, 336, 1157141024234;
453, 344, 1157141024250;
455, 354, 1157141024250;
459, 364, 1157141024265;
462, 377, 1157141024281;
466, 391, 1157141024297;
469, 403, 1157141024312;
471, 414, 1157141024312;
471, 426, 1157141024328;
471, 436, 1157141024343;
468, 445, 1157141024359;
464, 452, 1157141024359;
461, 454, 1157141024375;
456, 457, 1157141024390;
450, 460, 1157141024406;
446, 461, 1157141024422;
442, 462, 1157141024422;
438, 463, 1157141024437;
436, 463, 1157141024453;
433, 463, 1157141024468;
431, 461, 1157141024468;
429, 460, 1157141024484;
427, 457, 1157141024500;
426, 455, 1157141024515;
426, 452, 1157141024531;
426, 447, 1157141024531;
429, 437, 1157141024547;
434, 429, 1157141024562;
439, 421, 1157141024578;
445, 414, 1157141024578;
452, 409, 1157141024593;
459, 406, 1157141024609;
465, 405, 1157141024625;
470, 405, 1157141024640;
476, 405, 1157141024640;
481, 405, 1157141024656;
483, 405, 1157141024672;
486, 406, 1157141024687;
488, 407, 1157141024687;
490, 407, 1157141024703;
491, 407, 1157141024734;
491, 407, 1157141024765;
