517, 309, 1157141031047;
516, 308, 1157141031078;
515, 307, 1157141031078;
514, 305, 1157141031109;
513, 304, 1157141031125;
512, 302, 1157141031125;
511, 300, 1157141031140;
509, 299, 1157141031156;
507, 298, 1157141031172;
505, 297, 1157141031187;
502, 297, 1157141031187;
499, 296, 1157141031203;
498, 296, 1157141031218;
497, 296, 1157141031234;
496, 296, 1157141031250;
495, 296, 1157141031250;
494, 298, 1157141031265;
492, 303, 1157141031281;
488, 313, 1157141031297;
485, 324, 1157141031297;
483, 337, 1157141031312;
482, 350, 1157141031328;
482, 361, 1157141031343;
480, 369, 1157141031343;
480, 375, 1157141031359;
480, 377, 1157141031375;
478, 379, 1157141031390;
473, 385, 1157141031406;
469, 390, 1157141031406;
462, 395, 1157141031422;
460, 398, 1157141031437;
458, 400, 1157141031453;
457, 401, 1157141031468;
455, 403, 1157141031468;
453, 404, 1157141031484;
451, 405, 1157141031500;
448, 405, 1157141031515;
447, 405, 1157141031515;
445, 405, 1157141031531;
442, 404, 1157141031547;
441, 402, 1157141031562;
440, 398, 1157141031578;
439, 395, 1157141031578;
439, 389, 1157141031593;
439, 383, 1157141031609;
441, 379, 1157141031625;
444, 374, 1157141031625;
447, 370, 1157141031640;
450, 368, 1157141031656;
452, 365, 1157141031672;
455, 364, 1157141031687;
457, 364, 1157141031687;
460, 364, 1157141031703;
463, 364, 1157141031718;
467, 364, 1157141031734;
471, 364, 1157141031750;
475, 364, 1157141031750;
478, 364, 1157141031765;
480, 364, 1157141031781;
482, 364, 1157141031797;
485, 364, 1157141031797;
488, 364, 1157141031812;
491, 364, 1157141031828;
493, 364, 1157141031843;
495, 364, 1157141031859;
496, 364, 1157141031875;
497, 364, 1157141031890;
498, 364, 1157141031906;
500, 364, 1157141031906;
502, 364, 1157141031937;
502, 364, 1157141031937;
