528, 249, 1157141038109;
528, 247, 1157141038172;
528, 245, 1157141038187;
527, 243, 1157141038203;
526, 241, 1157141038218;
524, 239, 1157141038234;
520, 235, 1157141038234;
515, 232, 1157141038250;
513, 232, 1157141038265;
510, 231, 1157141038281;
509, 231, 1157141038297;
507, 231, 1157141038297;
506, 231, 1157141038312;
505, 232, 1157141038328;
503, 237, 1157141038343;
501, 247, 1157141038343;
500, 260, 1157141038359;
497, 281, 1157141038375;
497, 305, 1157141038390;
497, 322, 1157141038390;
498, 336, 1157141038406;
499, 350, 1157141038422;
500, 359, 1157141038437;
500, 367, 1157141038453;
500, 370, 1157141038453;
500, 372, 1157141038468;
500, 373, 1157141038484;
497, 375, 1157141038515;
492, 377, 1157141038515;
488, 377, 1157141038531;
485, 377, 1157141038547;
483, 374, 1157141038562;
481, 372, 1157141038562;
480, 369, 1157141038578;
479, 362, 1157141038593;
479, 351, 1157141038609;
482, 338, 1157141038625;
491, 317, 1157141038625;
505, 298, 1157141038640;
511, 289, 1157141038656;
517, 283, 1157141038672;
522, 280, 1157141038672;
525, 280, 1157141038687;
528, 280, 1157141038703;
532, 280, 1157141038718;
535, 281, 1157141038734;
538, 282, 1157141038734;
539, 283, 1157141038750;
536, 283, 1157141038797;
536, 283, 1157141038797;
