486, 314, 1157142864156;
486, 315, 1157142864234;
487, 321, 1157142864250;
488, 329, 1157142864250;
489, 340, 1157142864265;
490, 352, 1157142864281;
491, 362, 1157142864297;
492, 370, 1157142864312;
493, 375, 1157142864328;
493, 377, 1157142864343;
493, 378, 1157142864343;
491, 374, 1157142864406;
490, 372, 1157142864422;
490, 369, 1157142864437;
490, 363, 1157142864437;
490, 356, 1157142864453;
494, 347, 1157142864468;
498, 337, 1157142864484;
504, 327, 1157142864500;
510, 316, 1157142864515;
515, 307, 1157142864531;
520, 302, 1157142864547;
522, 300, 1157142864547;
525, 298, 1157142864562;
528, 298, 1157142864578;
531, 298, 1157142864593;
533, 298, 1157142864609;
535, 298, 1157142864625;
536, 298, 1157142864625;
536, 298, 1157142864687;
