391, 312, 1157142926343;
391, 314, 1157142926500;
391, 317, 1157142926500;
391, 322, 1157142926515;
391, 329, 1157142926531;
391, 335, 1157142926547;
392, 343, 1157142926562;
392, 351, 1157142926578;
392, 357, 1157142926578;
392, 362, 1157142926593;
392, 367, 1157142926625;
392, 368, 1157142926656;
392, 367, 1157142926765;
392, 365, 1157142926781;
392, 362, 1157142926781;
392, 356, 1157142926797;
392, 345, 1157142926812;
393, 335, 1157142926828;
395, 325, 1157142926843;
398, 317, 1157142926859;
399, 313, 1157142926875;
401, 312, 1157142926875;
404, 310, 1157142926890;
407, 309, 1157142926906;
412, 308, 1157142926922;
416, 306, 1157142926937;
421, 303, 1157142926953;
423, 302, 1157142926968;
425, 302, 1157142926968;
427, 301, 1157142926984;
427, 301, 1157142927078;
