430, 266, 1157142932609;
432, 271, 1157142932687;
433, 276, 1157142932703;
434, 285, 1157142932718;
435, 293, 1157142932734;
436, 301, 1157142932750;
437, 308, 1157142932750;
438, 316, 1157142932765;
438, 321, 1157142932781;
438, 325, 1157142932797;
438, 327, 1157142932812;
438, 326, 1157142932953;
438, 325, 1157142932968;
438, 324, 1157142932984;
437, 321, 1157142933000;
437, 318, 1157142933015;
437, 313, 1157142933031;
437, 306, 1157142933031;
437, 299, 1157142933047;
440, 294, 1157142933062;
442, 287, 1157142933078;
446, 280, 1157142933093;
449, 276, 1157142933109;
453, 271, 1157142933125;
455, 269, 1157142933140;
456, 267, 1157142933140;
457, 267, 1157142933156;
458, 267, 1157142933172;
459, 267, 1157142933187;
460, 267, 1157142933203;
461, 267, 1157142933218;
462, 267, 1157142933234;
463, 267, 1157142933234;
465, 267, 1157142933250;
466, 267, 1157142933265;
468, 267, 1157142933281;
470, 267, 1157142933297;
470, 267, 1157142933297;
