405, 311, 1157142937812;
406, 312, 1157142937843;
406, 314, 1157142937859;
406, 318, 1157142937875;
406, 325, 1157142937890;
407, 333, 1157142937906;
407, 341, 1157142937906;
407, 352, 1157142937922;
407, 360, 1157142937937;
407, 366, 1157142937953;
407, 369, 1157142937968;
407, 371, 1157142937984;
407, 372, 1157142938000;
407, 371, 1157142938078;
407, 370, 1157142938093;
407, 369, 1157142938109;
407, 367, 1157142938125;
407, 366, 1157142938156;
407, 363, 1157142938172;
407, 357, 1157142938187;
408, 352, 1157142938203;
413, 338, 1157142938203;
418, 324, 1157142938218;
420, 318, 1157142938234;
421, 316, 1157142938250;
422, 315, 1157142938265;
422, 314, 1157142938281;
423, 314, 1157142938281;
427, 312, 1157142938297;
430, 310, 1157142938312;
433, 308, 1157142938328;
436, 307, 1157142938343;
437, 307, 1157142938375;
439, 307, 1157142938390;
440, 307, 1157142938422;
440, 307, 1157142938422;
