392, 355, 1157142943078;
393, 357, 1157142943109;
393, 360, 1157142943125;
393, 364, 1157142943140;
394, 369, 1157142943156;
395, 373, 1157142943172;
396, 379, 1157142943172;
397, 383, 1157142943187;
398, 390, 1157142943203;
399, 397, 1157142943218;
399, 402, 1157142943234;
399, 409, 1157142943250;
400, 412, 1157142943265;
400, 413, 1157142943265;
400, 414, 1157142943281;
400, 411, 1157142943343;
400, 409, 1157142943359;
399, 406, 1157142943359;
398, 398, 1157142943375;
396, 387, 1157142943390;
396, 380, 1157142943406;
396, 373, 1157142943422;
396, 369, 1157142943437;
396, 367, 1157142943453;
397, 364, 1157142943453;
400, 358, 1157142943468;
404, 353, 1157142943484;
407, 348, 1157142943500;
410, 345, 1157142943515;
412, 344, 1157142943531;
415, 343, 1157142943547;
417, 343, 1157142943547;
420, 343, 1157142943562;
424, 342, 1157142943578;
427, 342, 1157142943593;
429, 342, 1157142943609;
430, 342, 1157142943625;
431, 342, 1157142943640;
432, 343, 1157142943656;
432, 343, 1157142943656;
