410, 335, 1157142948609;
411, 335, 1157142948625;
412, 336, 1157142948640;
412, 337, 1157142948656;
413, 340, 1157142948672;
414, 345, 1157142948687;
415, 350, 1157142948703;
416, 357, 1157142948718;
418, 363, 1157142948718;
418, 370, 1157142948734;
418, 376, 1157142948750;
418, 384, 1157142948765;
418, 391, 1157142948781;
418, 397, 1157142948797;
418, 399, 1157142948812;
418, 400, 1157142948828;
418, 397, 1157142948890;
418, 394, 1157142948906;
417, 390, 1157142948906;
416, 385, 1157142948922;
416, 381, 1157142948937;
416, 376, 1157142948953;
418, 369, 1157142948968;
419, 363, 1157142948984;
421, 355, 1157142949000;
426, 346, 1157142949000;
430, 338, 1157142949015;
434, 332, 1157142949031;
439, 327, 1157142949047;
442, 324, 1157142949062;
444, 324, 1157142949078;
446, 324, 1157142949093;
449, 324, 1157142949093;
450, 325, 1157142949109;
453, 326, 1157142949125;
455, 327, 1157142949140;
456, 328, 1157142949156;
457, 328, 1157142949172;
457, 329, 1157142949187;
457, 329, 1157142949203;
