419, 304, 1157142954062;
420, 305, 1157142954062;
420, 307, 1157142954078;
421, 309, 1157142954093;
422, 313, 1157142954109;
423, 319, 1157142954125;
424, 326, 1157142954140;
425, 333, 1157142954156;
426, 341, 1157142954156;
426, 348, 1157142954172;
426, 353, 1157142954187;
426, 357, 1157142954203;
426, 361, 1157142954218;
426, 364, 1157142954234;
426, 366, 1157142954250;
426, 367, 1157142954250;
426, 365, 1157142954328;
425, 362, 1157142954343;
423, 358, 1157142954343;
421, 354, 1157142954359;
420, 347, 1157142954375;
420, 339, 1157142954390;
420, 329, 1157142954406;
420, 325, 1157142954422;
422, 322, 1157142954437;
424, 317, 1157142954437;
426, 315, 1157142954468;
430, 311, 1157142954468;
437, 305, 1157142954484;
443, 300, 1157142954500;
447, 297, 1157142954515;
449, 296, 1157142954531;
451, 296, 1157142954531;
453, 296, 1157142954547;
456, 296, 1157142954562;
458, 296, 1157142954578;
459, 296, 1157142954593;
460, 296, 1157142954625;
460, 296, 1157142954625;
