408, 311, 1157142960281;
408, 313, 1157142960297;
408, 316, 1157142960312;
408, 322, 1157142960328;
408, 329, 1157142960343;
408, 337, 1157142960359;
408, 346, 1157142960375;
408, 354, 1157142960390;
408, 362, 1157142960390;
408, 369, 1157142960406;
408, 373, 1157142960422;
408, 374, 1157142960437;
408, 375, 1157142960453;
408, 372, 1157142960500;
407, 369, 1157142960515;
407, 366, 1157142960531;
406, 362, 1157142960547;
406, 356, 1157142960562;
406, 351, 1157142960578;
408, 343, 1157142960593;
411, 333, 1157142960593;
415, 326, 1157142960609;
418, 318, 1157142960625;
421, 315, 1157142960640;
422, 314, 1157142960656;
423, 312, 1157142960672;
426, 311, 1157142960687;
429, 311, 1157142960687;
431, 311, 1157142960703;
433, 311, 1157142960718;
434, 311, 1157142960734;
436, 311, 1157142960750;
439, 311, 1157142960765;
440, 311, 1157142960781;
441, 311, 1157142960781;
441, 311, 1157142960828;
