409, 342, 1157142966656;
410, 343, 1157142966672;
410, 346, 1157142966687;
410, 348, 1157142966703;
410, 351, 1157142966718;
410, 356, 1157142966734;
410, 363, 1157142966734;
410, 369, 1157142966750;
410, 376, 1157142966765;
410, 384, 1157142966781;
410, 391, 1157142966797;
410, 394, 1157142966812;
410, 395, 1157142966828;
410, 396, 1157142966828;
410, 390, 1157142966906;
409, 386, 1157142966906;
408, 380, 1157142966922;
407, 375, 1157142966937;
407, 369, 1157142966953;
407, 365, 1157142966968;
408, 361, 1157142966984;
411, 356, 1157142967000;
415, 350, 1157142967015;
420, 346, 1157142967015;
425, 340, 1157142967031;
430, 336, 1157142967047;
433, 332, 1157142967062;
436, 330, 1157142967078;
437, 330, 1157142967093;
438, 330, 1157142967109;
441, 332, 1157142967109;
443, 334, 1157142967125;
444, 336, 1157142967140;
444, 336, 1157142967140;
