512, 322, 1157691514781;
512, 323, 1157691514859;
512, 327, 1157691514875;
512, 334, 1157691514890;
510, 342, 1157691514906;
508, 351, 1157691514906;
508, 360, 1157691514922;
505, 368, 1157691514937;
505, 375, 1157691514953;
504, 382, 1157691514968;
503, 387, 1157691514984;
502, 391, 1157691515000;
502, 392, 1157691515015;
501, 392, 1157691515047;
500, 390, 1157691515078;
497, 387, 1157691515093;
496, 385, 1157691515109;
495, 383, 1157691515109;
495, 380, 1157691515125;
495, 376, 1157691515140;
495, 369, 1157691515156;
498, 359, 1157691515172;
501, 350, 1157691515187;
505, 339, 1157691515203;
509, 333, 1157691515203;
511, 328, 1157691515218;
514, 325, 1157691515234;
515, 323, 1157691515250;
518, 322, 1157691515265;
522, 320, 1157691515281;
525, 320, 1157691515297;
529, 320, 1157691515297;
534, 320, 1157691515312;
539, 321, 1157691515328;
542, 324, 1157691515343;
544, 325, 1157691515359;
547, 328, 1157691515375;
548, 328, 1157691515390;
549, 329, 1157691515390;
549, 330, 1157691515406;
550, 330, 1157691515422;
550, 330, 1157691515422;
