514, 328, 1157691527875;
514, 330, 1157691527906;
514, 335, 1157691527922;
514, 339, 1157691527937;
514, 345, 1157691527953;
514, 351, 1157691527968;
514, 358, 1157691527968;
514, 365, 1157691527984;
514, 370, 1157691528000;
514, 376, 1157691528015;
514, 378, 1157691528031;
514, 379, 1157691528062;
514, 378, 1157691528109;
513, 375, 1157691528125;
513, 371, 1157691528140;
513, 364, 1157691528156;
515, 356, 1157691528156;
518, 348, 1157691528172;
522, 338, 1157691528187;
526, 329, 1157691528203;
530, 322, 1157691528218;
536, 316, 1157691528234;
538, 313, 1157691528250;
542, 309, 1157691528250;
545, 307, 1157691528265;
548, 306, 1157691528281;
551, 304, 1157691528297;
552, 304, 1157691528312;
553, 304, 1157691528328;
554, 304, 1157691528343;
555, 304, 1157691528359;
556, 304, 1157691528359;
556, 304, 1157691528359;
