433, 335, 1157142878531;
434, 336, 1157142878562;
434, 337, 1157142878562;
435, 339, 1157142878578;
436, 342, 1157142878593;
438, 347, 1157142878609;
439, 352, 1157142878625;
439, 359, 1157142878640;
439, 366, 1157142878640;
439, 373, 1157142878656;
441, 381, 1157142878672;
441, 388, 1157142878687;
441, 392, 1157142878703;
441, 394, 1157142878718;
441, 395, 1157142878734;
437, 389, 1157142878781;
435, 384, 1157142878797;
434, 377, 1157142878812;
434, 372, 1157142878828;
433, 369, 1157142878828;
433, 367, 1157142878843;
433, 362, 1157142878859;
435, 355, 1157142878875;
437, 351, 1157142878890;
442, 342, 1157142878906;
447, 338, 1157142878922;
451, 334, 1157142878937;
454, 332, 1157142878937;
457, 332, 1157142878953;
460, 332, 1157142878968;
462, 332, 1157142878984;
463, 332, 1157142879000;
464, 332, 1157142879015;
466, 332, 1157142879031;
467, 333, 1157142879047;
468, 333, 1157142879078;
468, 333, 1157142879156;
