405, 309, 1157142884547;
406, 315, 1157142884593;
407, 320, 1157142884593;
408, 329, 1157142884609;
409, 337, 1157142884625;
410, 346, 1157142884640;
412, 355, 1157142884656;
412, 363, 1157142884672;
413, 371, 1157142884672;
413, 381, 1157142884687;
413, 388, 1157142884703;
413, 391, 1157142884718;
413, 393, 1157142884734;
413, 394, 1157142884750;
412, 391, 1157142884843;
411, 389, 1157142884859;
410, 386, 1157142884875;
409, 381, 1157142884875;
409, 376, 1157142884890;
409, 369, 1157142884906;
409, 362, 1157142884922;
412, 354, 1157142884937;
417, 344, 1157142884953;
421, 336, 1157142884968;
425, 330, 1157142884968;
428, 325, 1157142884984;
432, 321, 1157142885000;
433, 320, 1157142885015;
435, 319, 1157142885031;
438, 318, 1157142885047;
440, 318, 1157142885062;
444, 317, 1157142885062;
448, 317, 1157142885078;
452, 317, 1157142885093;
454, 317, 1157142885109;
456, 317, 1157142885125;
457, 317, 1157142885140;
458, 317, 1157142885156;
458, 318, 1157142885172;
458, 318, 1157142885187;
