404, 305, 1157142890093;
404, 311, 1157142890218;
405, 316, 1157142890234;
405, 323, 1157142890250;
406, 331, 1157142890265;
406, 339, 1157142890265;
406, 347, 1157142890281;
406, 354, 1157142890297;
406, 360, 1157142890312;
406, 365, 1157142890328;
406, 369, 1157142890343;
406, 372, 1157142890343;
406, 374, 1157142890359;
406, 375, 1157142890390;
406, 374, 1157142890500;
406, 373, 1157142890515;
406, 372, 1157142890531;
406, 369, 1157142890547;
406, 365, 1157142890562;
406, 362, 1157142890578;
406, 358, 1157142890593;
407, 353, 1157142890609;
410, 346, 1157142890625;
413, 342, 1157142890625;
416, 337, 1157142890640;
419, 334, 1157142890656;
423, 331, 1157142890672;
424, 330, 1157142890687;
426, 329, 1157142890703;
429, 328, 1157142890718;
432, 328, 1157142890718;
434, 327, 1157142890734;
436, 327, 1157142890750;
438, 326, 1157142890765;
440, 326, 1157142890781;
443, 326, 1157142890797;
444, 326, 1157142890812;
445, 326, 1157142890828;
446, 326, 1157142890843;
447, 326, 1157142890843;
447, 326, 1157142890859;
