412, 257, 1157142895265;
413, 259, 1157142895281;
413, 262, 1157142895297;
413, 266, 1157142895312;
413, 273, 1157142895328;
413, 277, 1157142895328;
413, 282, 1157142895343;
413, 289, 1157142895359;
413, 297, 1157142895375;
413, 304, 1157142895390;
413, 309, 1157142895406;
413, 315, 1157142895422;
413, 319, 1157142895422;
413, 320, 1157142895437;
413, 321, 1157142895453;
413, 319, 1157142895515;
412, 316, 1157142895515;
411, 313, 1157142895531;
410, 309, 1157142895547;
410, 307, 1157142895562;
410, 304, 1157142895578;
412, 299, 1157142895593;
415, 291, 1157142895609;
420, 282, 1157142895625;
424, 273, 1157142895625;
427, 266, 1157142895640;
430, 260, 1157142895656;
432, 254, 1157142895672;
436, 249, 1157142895687;
438, 246, 1157142895703;
442, 243, 1157142895703;
445, 241, 1157142895718;
450, 239, 1157142895734;
454, 237, 1157142895750;
459, 236, 1157142895765;
462, 236, 1157142895781;
464, 236, 1157142895797;
465, 237, 1157142895797;
466, 238, 1157142895812;
466, 240, 1157142895828;
466, 240, 1157142895843;
