413, 260, 1157142900593;
413, 261, 1157142900609;
413, 263, 1157142900625;
413, 268, 1157142900640;
414, 276, 1157142900656;
414, 283, 1157142900672;
414, 292, 1157142900672;
414, 302, 1157142900687;
414, 308, 1157142900703;
414, 315, 1157142900718;
414, 319, 1157142900734;
414, 325, 1157142900750;
414, 329, 1157142900765;
414, 331, 1157142900765;
414, 332, 1157142900781;
414, 334, 1157142900797;
414, 329, 1157142900859;
414, 326, 1157142900875;
414, 321, 1157142900890;
414, 313, 1157142900906;
414, 305, 1157142900922;
415, 297, 1157142900937;
418, 288, 1157142900953;
422, 281, 1157142900953;
424, 278, 1157142900968;
425, 276, 1157142900984;
426, 275, 1157142901000;
428, 273, 1157142901015;
432, 269, 1157142901031;
433, 268, 1157142901047;
436, 267, 1157142901047;
439, 267, 1157142901062;
441, 267, 1157142901078;
443, 267, 1157142901093;
446, 267, 1157142901109;
447, 267, 1157142901125;
448, 267, 1157142901156;
449, 267, 1157142901156;
449, 268, 1157142901172;
449, 268, 1157142901187;
