444, 254, 1157142907343;
445, 261, 1157142907359;
445, 272, 1157142907359;
445, 282, 1157142907375;
445, 296, 1157142907390;
445, 308, 1157142907406;
445, 316, 1157142907422;
445, 321, 1157142907437;
445, 326, 1157142907453;
445, 332, 1157142907453;
445, 336, 1157142907468;
445, 338, 1157142907484;
445, 339, 1157142907500;
445, 338, 1157142907640;
444, 337, 1157142907640;
444, 335, 1157142907656;
444, 333, 1157142907672;
443, 330, 1157142907687;
443, 326, 1157142907703;
443, 321, 1157142907718;
443, 317, 1157142907734;
445, 310, 1157142907734;
447, 304, 1157142907750;
449, 300, 1157142907765;
450, 299, 1157142907781;
450, 298, 1157142907797;
453, 293, 1157142907812;
456, 284, 1157142907828;
457, 280, 1157142907828;
459, 277, 1157142907843;
461, 271, 1157142907859;
463, 269, 1157142907875;
463, 268, 1157142907890;
464, 268, 1157142907922;
465, 268, 1157142907937;
467, 268, 1157142907953;
469, 268, 1157142907968;
471, 268, 1157142907984;
474, 267, 1157142908000;
475, 267, 1157142908015;
476, 267, 1157142908031;
478, 267, 1157142908031;
479, 268, 1157142908062;
479, 268, 1157142908125;
