464, 226, 1157142913297;
464, 228, 1157142913312;
464, 232, 1157142913312;
464, 238, 1157142913328;
464, 247, 1157142913343;
462, 255, 1157142913359;
462, 263, 1157142913375;
462, 272, 1157142913390;
460, 281, 1157142913406;
460, 290, 1157142913406;
460, 298, 1157142913422;
459, 304, 1157142913437;
459, 307, 1157142913453;
458, 310, 1157142913468;
458, 311, 1157142913500;
458, 309, 1157142913531;
458, 308, 1157142913547;
457, 306, 1157142913562;
456, 303, 1157142913578;
455, 296, 1157142913593;
455, 287, 1157142913593;
455, 276, 1157142913609;
455, 265, 1157142913625;
458, 257, 1157142913640;
460, 250, 1157142913656;
464, 244, 1157142913672;
468, 237, 1157142913687;
473, 227, 1157142913703;
479, 219, 1157142913703;
483, 213, 1157142913718;
485, 211, 1157142913734;
486, 210, 1157142913750;
488, 209, 1157142913765;
490, 209, 1157142913781;
493, 208, 1157142913781;
496, 208, 1157142913797;
498, 208, 1157142913812;
501, 209, 1157142913828;
503, 211, 1157142913843;
507, 214, 1157142913859;
508, 215, 1157142913875;
509, 217, 1157142913890;
510, 217, 1157142913890;
510, 217, 1157142913937;
