428, 283, 1157142919593;
428, 284, 1157142919625;
429, 285, 1157142919640;
429, 287, 1157142919656;
429, 291, 1157142919672;
429, 296, 1157142919687;
429, 301, 1157142919703;
430, 311, 1157142919718;
430, 319, 1157142919718;
430, 326, 1157142919734;
430, 331, 1157142919750;
430, 338, 1157142919765;
430, 343, 1157142919781;
430, 347, 1157142919797;
430, 349, 1157142919812;
430, 350, 1157142919828;
430, 349, 1157142919906;
430, 348, 1157142919922;
430, 346, 1157142919937;
430, 345, 1157142919953;
429, 344, 1157142919968;
428, 342, 1157142919984;
428, 339, 1157142920000;
428, 336, 1157142920000;
428, 333, 1157142920015;
428, 326, 1157142920031;
428, 323, 1157142920047;
428, 321, 1157142920062;
428, 320, 1157142920093;
428, 319, 1157142920125;
430, 316, 1157142920140;
433, 311, 1157142920156;
435, 309, 1157142920172;
436, 308, 1157142920203;
437, 308, 1157142920234;
438, 307, 1157142920250;
440, 305, 1157142920265;
442, 304, 1157142920281;
444, 303, 1157142920281;
445, 302, 1157142920297;
448, 301, 1157142920312;
449, 300, 1157142920328;
450, 300, 1157142920343;
452, 299, 1157142920359;
454, 299, 1157142920375;
456, 298, 1157142920390;
458, 298, 1157142920390;
459, 298, 1157142920406;
460, 298, 1157142920422;
461, 298, 1157142920437;
461, 298, 1157142920500;
