432, 269, 1157144196047;
432, 301, 1157144196047;
432, 305, 1157144196062;
432, 310, 1157144196062;
432, 316, 1157144196078;
432, 324, 1157144196078;
433, 331, 1157144196093;
433, 338, 1157144196093;
434, 346, 1157144196109;
435, 353, 1157144196109;
435, 359, 1157144196125;
436, 365, 1157144196125;
437, 370, 1157144196140;
438, 374, 1157144196140;
439, 377, 1157144196156;
440, 379, 1157144196156;
441, 380, 1157144196172;
442, 380, 1157144196172;
444, 380, 1157144196187;
445, 378, 1157144196187;
447, 376, 1157144196203;
449, 373, 1157144196203;
451, 369, 1157144196218;
454, 365, 1157144196218;
456, 361, 1157144196234;
458, 357, 1157144196234;
461, 353, 1157144196250;
462, 348, 1157144196250;
464, 344, 1157144196265;
466, 340, 1157144196265;
467, 336, 1157144196281;
468, 333, 1157144196281;
468, 330, 1157144196281;
468, 327, 1157144196297;
467, 325, 1157144196297;
466, 324, 1157144196312;
464, 322, 1157144196312;
461, 322, 1157144196328;
457, 321, 1157144196328;
452, 320, 1157144196343;
447, 320, 1157144196343;
441, 320, 1157144196359;
435, 321, 1157144196359;
429, 321, 1157144196375;
423, 322, 1157144196375;
416, 324, 1157144196390;
410, 325, 1157144196390;
404, 326, 1157144196406;
381, 332, 1157144196406;
381, 332, 1157144196406;
