482, 233, 1157144279500;
482, 234, 1157144279625;
482, 238, 1157144279640;
482, 244, 1157144279656;
482, 251, 1157144279672;
482, 260, 1157144279672;
482, 271, 1157144279687;
482, 284, 1157144279703;
482, 300, 1157144279718;
482, 314, 1157144279734;
482, 328, 1157144279750;
482, 341, 1157144279765;
482, 351, 1157144279765;
482, 357, 1157144279781;
482, 359, 1157144279797;
482, 360, 1157144279812;
483, 360, 1157144279859;
484, 360, 1157144279875;
485, 359, 1157144279890;
487, 359, 1157144279906;
488, 358, 1157144279922;
489, 358, 1157144279937;
491, 356, 1157144279953;
494, 354, 1157144279953;
499, 350, 1157144279968;
506, 345, 1157144279984;
512, 338, 1157144280000;
516, 335, 1157144280015;
517, 333, 1157144280031;
519, 332, 1157144280047;
519, 331, 1157144280062;
519, 330, 1157144280062;
519, 328, 1157144280078;
517, 325, 1157144280093;
515, 320, 1157144280109;
512, 316, 1157144280125;
509, 312, 1157144280140;
505, 308, 1157144280140;
501, 307, 1157144280172;
497, 305, 1157144280172;
492, 304, 1157144280187;
486, 304, 1157144280203;
477, 304, 1157144280218;
467, 305, 1157144280234;
462, 306, 1157144280250;
456, 306, 1157144280250;
454, 306, 1157144280265;
453, 306, 1157144280281;
452, 306, 1157144280297;
451, 306, 1157144280328;
451, 306, 1157144280328;
