441, 254, 1157144286797;
440, 255, 1157144286937;
440, 261, 1157144286953;
439, 267, 1157144286968;
439, 275, 1157144286984;
437, 287, 1157144287000;
436, 299, 1157144287015;
435, 314, 1157144287015;
434, 329, 1157144287031;
434, 342, 1157144287047;
434, 351, 1157144287062;
434, 358, 1157144287078;
434, 362, 1157144287093;
434, 364, 1157144287109;
434, 365, 1157144287109;
434, 366, 1157144287203;
434, 364, 1157144287265;
436, 363, 1157144287281;
440, 359, 1157144287297;
446, 354, 1157144287312;
452, 349, 1157144287312;
457, 344, 1157144287328;
460, 341, 1157144287343;
462, 336, 1157144287359;
464, 333, 1157144287375;
466, 328, 1157144287390;
467, 326, 1157144287390;
467, 325, 1157144287406;
467, 324, 1157144287422;
467, 322, 1157144287437;
467, 320, 1157144287453;
466, 318, 1157144287468;
463, 316, 1157144287484;
460, 312, 1157144287484;
454, 309, 1157144287500;
447, 307, 1157144287515;
441, 306, 1157144287531;
436, 305, 1157144287547;
433, 305, 1157144287562;
427, 305, 1157144287578;
419, 305, 1157144287578;
410, 307, 1157144287593;
403, 308, 1157144287609;
398, 308, 1157144287625;
393, 309, 1157144287640;
392, 309, 1157144287656;
391, 309, 1157144287672;
391, 309, 1157144287718;
