440, 280, 1157144293765;
440, 282, 1157144293843;
440, 286, 1157144293859;
440, 291, 1157144293875;
439, 298, 1157144293890;
437, 307, 1157144293906;
436, 319, 1157144293906;
434, 333, 1157144293922;
432, 350, 1157144293937;
430, 362, 1157144293953;
428, 371, 1157144293968;
427, 381, 1157144293984;
426, 388, 1157144294000;
426, 392, 1157144294000;
426, 394, 1157144294015;
426, 395, 1157144294031;
428, 392, 1157144294078;
434, 388, 1157144294093;
441, 381, 1157144294109;
447, 376, 1157144294109;
456, 369, 1157144294125;
463, 363, 1157144294140;
468, 359, 1157144294156;
470, 358, 1157144294172;
471, 357, 1157144294187;
471, 356, 1157144294203;
471, 355, 1157144294203;
469, 352, 1157144294218;
467, 347, 1157144294234;
463, 344, 1157144294250;
460, 340, 1157144294265;
455, 338, 1157144294281;
449, 335, 1157144294297;
443, 334, 1157144294297;
436, 333, 1157144294312;
430, 333, 1157144294328;
426, 333, 1157144294343;
424, 333, 1157144294359;
423, 332, 1157144294375;
422, 332, 1157144294390;
421, 331, 1157144294390;
421, 331, 1157144294406;
