451, 265, 1157144298953;
451, 267, 1157144299031;
451, 270, 1157144299047;
450, 277, 1157144299062;
450, 286, 1157144299062;
450, 297, 1157144299078;
448, 309, 1157144299093;
446, 321, 1157144299109;
446, 333, 1157144299125;
444, 345, 1157144299140;
443, 356, 1157144299156;
442, 364, 1157144299156;
442, 373, 1157144299172;
442, 380, 1157144299187;
442, 383, 1157144299203;
442, 384, 1157144299218;
442, 385, 1157144299234;
450, 370, 1157144299281;
459, 360, 1157144299297;
468, 351, 1157144299312;
474, 344, 1157144299328;
480, 337, 1157144299343;
485, 332, 1157144299343;
488, 329, 1157144299359;
489, 328, 1157144299375;
490, 327, 1157144299390;
490, 326, 1157144299406;
490, 325, 1157144299422;
489, 323, 1157144299437;
487, 319, 1157144299437;
485, 316, 1157144299453;
481, 312, 1157144299468;
475, 309, 1157144299484;
464, 309, 1157144299500;
453, 309, 1157144299515;
444, 309, 1157144299531;
438, 309, 1157144299531;
432, 309, 1157144299547;
429, 309, 1157144299562;
426, 309, 1157144299578;
423, 309, 1157144299593;
421, 309, 1157144299609;
419, 309, 1157144299625;
418, 309, 1157144299625;
418, 309, 1157144299625;
