467, 256, 1157144304375;
466, 261, 1157144304468;
465, 269, 1157144304484;
464, 280, 1157144304484;
463, 295, 1157144304500;
461, 309, 1157144304515;
461, 326, 1157144304531;
459, 343, 1157144304547;
459, 355, 1157144304562;
457, 365, 1157144304578;
457, 375, 1157144304593;
456, 382, 1157144304593;
456, 385, 1157144304609;
456, 386, 1157144304625;
457, 385, 1157144304718;
459, 383, 1157144304734;
463, 381, 1157144304750;
469, 377, 1157144304765;
477, 372, 1157144304765;
482, 365, 1157144304781;
485, 362, 1157144304797;
487, 360, 1157144304812;
488, 358, 1157144304828;
488, 356, 1157144304859;
488, 353, 1157144304875;
487, 348, 1157144304875;
485, 342, 1157144304890;
481, 338, 1157144304906;
476, 334, 1157144304922;
470, 332, 1157144304937;
465, 330, 1157144304953;
460, 328, 1157144304968;
457, 327, 1157144304968;
454, 325, 1157144304984;
453, 324, 1157144305000;
452, 324, 1157144305015;
451, 323, 1157144305031;
450, 323, 1157144305078;
448, 322, 1157144305125;
448, 322, 1157144305125;
