446, 324, 1157144312453;
446, 325, 1157144312578;
446, 330, 1157144312593;
446, 338, 1157144312593;
444, 350, 1157144312609;
443, 363, 1157144312625;
441, 382, 1157144312640;
437, 403, 1157144312656;
434, 421, 1157144312672;
433, 434, 1157144312687;
433, 444, 1157144312687;
433, 448, 1157144312703;
433, 449, 1157144312718;
433, 447, 1157144312750;
446, 432, 1157144312781;
453, 424, 1157144312781;
460, 419, 1157144312797;
469, 414, 1157144312812;
475, 410, 1157144312828;
480, 407, 1157144312843;
481, 406, 1157144312859;
483, 405, 1157144312875;
483, 404, 1157144312875;
480, 402, 1157144312890;
477, 399, 1157144312906;
473, 395, 1157144312922;
468, 391, 1157144312937;
464, 388, 1157144312953;
459, 386, 1157144312968;
454, 386, 1157144312968;
447, 386, 1157144312984;
439, 386, 1157144313000;
431, 386, 1157144313015;
424, 386, 1157144313031;
419, 386, 1157144313047;
416, 386, 1157144313062;
414, 386, 1157144313062;
413, 386, 1157144313078;
412, 386, 1157144313109;
412, 386, 1157144313125;
