467, 229, 1157144317906;
466, 232, 1157144317984;
465, 236, 1157144318000;
465, 243, 1157144318015;
463, 251, 1157144318015;
462, 262, 1157144318031;
461, 274, 1157144318047;
460, 286, 1157144318062;
458, 296, 1157144318078;
458, 304, 1157144318093;
457, 311, 1157144318109;
457, 317, 1157144318109;
457, 322, 1157144318125;
457, 325, 1157144318140;
457, 327, 1157144318156;
458, 327, 1157144318187;
460, 325, 1157144318203;
466, 320, 1157144318203;
473, 314, 1157144318218;
478, 309, 1157144318234;
480, 306, 1157144318250;
482, 304, 1157144318265;
482, 303, 1157144318281;
482, 302, 1157144318297;
482, 299, 1157144318297;
482, 296, 1157144318312;
479, 291, 1157144318328;
475, 287, 1157144318343;
470, 283, 1157144318359;
464, 280, 1157144318375;
460, 278, 1157144318390;
454, 276, 1157144318406;
449, 276, 1157144318406;
441, 276, 1157144318422;
434, 276, 1157144318437;
430, 276, 1157144318453;
428, 276, 1157144318468;
427, 276, 1157144318484;
427, 276, 1157144318484;
