408, 296, 1157144324609;
407, 300, 1157144324703;
406, 308, 1157144324703;
405, 317, 1157144324718;
403, 329, 1157144324734;
401, 342, 1157144324750;
400, 355, 1157144324765;
398, 370, 1157144324781;
397, 382, 1157144324797;
397, 391, 1157144324797;
397, 398, 1157144324812;
397, 401, 1157144324828;
398, 402, 1157144324843;
399, 402, 1157144324859;
403, 402, 1157144324875;
410, 398, 1157144324890;
416, 395, 1157144324906;
420, 392, 1157144324906;
423, 389, 1157144324922;
425, 388, 1157144324937;
426, 385, 1157144324953;
429, 380, 1157144324968;
431, 378, 1157144324984;
431, 376, 1157144324984;
431, 373, 1157144325000;
428, 368, 1157144325015;
425, 365, 1157144325031;
419, 361, 1157144325047;
410, 359, 1157144325062;
399, 359, 1157144325078;
390, 359, 1157144325093;
382, 359, 1157144325093;
376, 359, 1157144325109;
372, 359, 1157144325125;
369, 359, 1157144325140;
367, 359, 1157144325156;
367, 358, 1157144325172;
366, 358, 1157144325172;
366, 358, 1157144325187;
