444, 261, 1157144331390;
442, 262, 1157144331484;
441, 266, 1157144331500;
440, 272, 1157144331515;
439, 282, 1157144331531;
439, 292, 1157144331547;
437, 305, 1157144331547;
436, 317, 1157144331562;
435, 329, 1157144331578;
435, 338, 1157144331593;
433, 346, 1157144331609;
433, 351, 1157144331625;
433, 356, 1157144331640;
433, 359, 1157144331656;
433, 360, 1157144331672;
436, 360, 1157144331718;
440, 358, 1157144331734;
446, 353, 1157144331750;
452, 348, 1157144331750;
457, 341, 1157144331765;
461, 337, 1157144331781;
464, 332, 1157144331797;
465, 330, 1157144331812;
466, 328, 1157144331828;
466, 327, 1157144331843;
464, 325, 1157144331859;
463, 323, 1157144331875;
460, 320, 1157144331890;
457, 318, 1157144331906;
452, 315, 1157144331922;
447, 314, 1157144331937;
441, 313, 1157144331937;
436, 312, 1157144331953;
432, 310, 1157144331968;
427, 308, 1157144331984;
424, 306, 1157144332000;
422, 306, 1157144332015;
420, 305, 1157144332031;
418, 304, 1157144332031;
417, 303, 1157144332047;
417, 303, 1157144332062;
