615, 236, 1157691586140;
615, 235, 1157691586140;
615, 236, 1157691586234;
612, 241, 1157691586234;
608, 250, 1157691586250;
601, 267, 1157691586265;
596, 287, 1157691586281;
588, 311, 1157691586297;
584, 332, 1157691586312;
580, 348, 1157691586328;
578, 362, 1157691586328;
576, 371, 1157691586343;
576, 378, 1157691586359;
576, 384, 1157691586375;
576, 388, 1157691586390;
577, 391, 1157691586406;
579, 393, 1157691586422;
580, 396, 1157691586422;
582, 396, 1157691586437;
584, 396, 1157691586453;
587, 396, 1157691586468;
593, 394, 1157691586484;
604, 388, 1157691586500;
615, 380, 1157691586515;
627, 372, 1157691586515;
640, 364, 1157691586531;
649, 359, 1157691586547;
657, 355, 1157691586562;
661, 351, 1157691586578;
666, 347, 1157691586593;
669, 343, 1157691586609;
671, 340, 1157691586609;
673, 338, 1157691586625;
674, 337, 1157691586640;
674, 336, 1157691586687;
674, 335, 1157691586750;
674, 334, 1157691586781;
674, 332, 1157691586797;
673, 332, 1157691586812;
672, 330, 1157691586828;
671, 328, 1157691586843;
667, 325, 1157691586859;
660, 322, 1157691586875;
652, 318, 1157691586890;
639, 312, 1157691586890;
620, 307, 1157691586906;
597, 304, 1157691586922;
571, 299, 1157691586937;
548, 298, 1157691586953;
531, 297, 1157691586968;
518, 297, 1157691586984;
508, 298, 1157691587000;
502, 299, 1157691587000;
502, 299, 1157691587000;
