442, 294, 1157144220218;
441, 316, 1157144220234;
441, 321, 1157144220234;
441, 326, 1157144220250;
441, 332, 1157144220250;
440, 339, 1157144220265;
440, 345, 1157144220265;
440, 353, 1157144220281;
439, 360, 1157144220281;
439, 368, 1157144220297;
439, 375, 1157144220297;
438, 382, 1157144220312;
438, 389, 1157144220312;
438, 396, 1157144220328;
437, 401, 1157144220328;
437, 406, 1157144220343;
437, 410, 1157144220343;
437, 413, 1157144220359;
437, 415, 1157144220359;
438, 417, 1157144220375;
438, 418, 1157144220375;
439, 418, 1157144220390;
440, 417, 1157144220406;
442, 415, 1157144220406;
443, 414, 1157144220422;
445, 412, 1157144220422;
447, 409, 1157144220422;
449, 406, 1157144220437;
451, 403, 1157144220437;
453, 401, 1157144220453;
456, 398, 1157144220453;
458, 395, 1157144220468;
460, 392, 1157144220468;
462, 389, 1157144220484;
463, 387, 1157144220484;
464, 385, 1157144220500;
465, 383, 1157144220500;
465, 381, 1157144220515;
465, 379, 1157144220515;
464, 377, 1157144220531;
462, 376, 1157144220531;
459, 374, 1157144220547;
456, 373, 1157144220547;
452, 372, 1157144220562;
447, 372, 1157144220562;
442, 371, 1157144220578;
436, 371, 1157144220578;
431, 370, 1157144220593;
426, 370, 1157144220593;
421, 369, 1157144220609;
416, 369, 1157144220609;
400, 367, 1157144220625;
400, 367, 1157144220625;
