575, 112, 1157691625797;
575, 115, 1157691625812;
575, 121, 1157691625828;
573, 131, 1157691625843;
572, 140, 1157691625859;
570, 150, 1157691625875;
568, 161, 1157691625875;
566, 173, 1157691625890;
563, 185, 1157691625906;
559, 198, 1157691625922;
555, 216, 1157691625937;
552, 232, 1157691625953;
548, 250, 1157691625968;
547, 264, 1157691625968;
546, 273, 1157691625984;
546, 282, 1157691626000;
546, 288, 1157691626015;
546, 292, 1157691626031;
546, 293, 1157691626047;
548, 294, 1157691626062;
552, 294, 1157691626062;
558, 287, 1157691626078;
565, 280, 1157691626093;
574, 271, 1157691626109;
584, 262, 1157691626125;
594, 254, 1157691626140;
602, 247, 1157691626156;
607, 242, 1157691626156;
609, 239, 1157691626172;
610, 239, 1157691626187;
610, 238, 1157691626203;
610, 235, 1157691626234;
607, 231, 1157691626250;
602, 225, 1157691626265;
594, 217, 1157691626265;
586, 209, 1157691626281;
576, 204, 1157691626297;
563, 201, 1157691626312;
550, 198, 1157691626328;
536, 198, 1157691626343;
521, 198, 1157691626343;
508, 198, 1157691626359;
496, 198, 1157691626375;
496, 198, 1157691626375;
