496, 296, 1157144236734;
496, 299, 1157144236890;
496, 301, 1157144236906;
496, 306, 1157144236906;
496, 313, 1157144236922;
496, 322, 1157144236937;
494, 333, 1157144236953;
494, 344, 1157144236968;
492, 354, 1157144236984;
492, 362, 1157144237000;
491, 369, 1157144237015;
491, 373, 1157144237015;
491, 376, 1157144237031;
491, 378, 1157144237047;
492, 378, 1157144237078;
494, 378, 1157144237093;
498, 375, 1157144237109;
503, 372, 1157144237109;
508, 368, 1157144237125;
512, 364, 1157144237140;
516, 361, 1157144237156;
520, 357, 1157144237172;
520, 354, 1157144237187;
521, 348, 1157144237203;
521, 343, 1157144237203;
519, 339, 1157144237218;
515, 335, 1157144237234;
511, 333, 1157144237250;
504, 333, 1157144237265;
492, 333, 1157144237281;
482, 335, 1157144237297;
477, 336, 1157144237297;
474, 336, 1157144237312;
472, 336, 1157144237328;
472, 336, 1157144237343;
