440, 291, 1157144242781;
440, 292, 1157144242890;
439, 298, 1157144242906;
437, 306, 1157144242906;
436, 315, 1157144242922;
434, 327, 1157144242937;
433, 342, 1157144242953;
431, 357, 1157144242968;
430, 370, 1157144242984;
430, 382, 1157144243000;
430, 389, 1157144243015;
431, 395, 1157144243015;
434, 399, 1157144243031;
436, 402, 1157144243047;
438, 403, 1157144243062;
439, 403, 1157144243078;
442, 403, 1157144243093;
445, 400, 1157144243093;
449, 396, 1157144243109;
452, 393, 1157144243125;
453, 391, 1157144243140;
454, 387, 1157144243156;
454, 379, 1157144243172;
454, 372, 1157144243187;
451, 367, 1157144243203;
446, 363, 1157144243203;
441, 360, 1157144243218;
438, 359, 1157144243234;
429, 359, 1157144243250;
421, 359, 1157144243265;
414, 359, 1157144243281;
408, 359, 1157144243297;
405, 358, 1157144243297;
404, 358, 1157144243312;
403, 358, 1157144243343;
403, 358, 1157144243343;
