457, 278, 1157144249078;
457, 280, 1157144249172;
456, 282, 1157144249172;
456, 285, 1157144249187;
455, 291, 1157144249203;
455, 298, 1157144249218;
453, 307, 1157144249234;
451, 320, 1157144249250;
450, 330, 1157144249265;
450, 341, 1157144249281;
448, 350, 1157144249281;
448, 360, 1157144249297;
448, 366, 1157144249312;
448, 369, 1157144249328;
448, 370, 1157144249343;
448, 371, 1157144249359;
449, 371, 1157144249375;
450, 371, 1157144249375;
453, 371, 1157144249390;
456, 371, 1157144249406;
459, 371, 1157144249422;
461, 371, 1157144249437;
465, 368, 1157144249453;
471, 364, 1157144249468;
478, 360, 1157144249468;
482, 357, 1157144249484;
485, 356, 1157144249500;
485, 355, 1157144249531;
485, 354, 1157144249547;
485, 352, 1157144249562;
482, 349, 1157144249562;
477, 346, 1157144249578;
470, 344, 1157144249593;
466, 342, 1157144249609;
462, 340, 1157144249625;
459, 338, 1157144249640;
455, 336, 1157144249656;
451, 335, 1157144249656;
449, 335, 1157144249672;
445, 335, 1157144249687;
441, 335, 1157144249703;
439, 335, 1157144249718;
437, 335, 1157144249734;
436, 335, 1157144249750;
434, 335, 1157144249750;
434, 335, 1157144249750;
