462, 245, 1157144255062;
460, 253, 1157144255172;
459, 262, 1157144255172;
458, 273, 1157144255187;
457, 288, 1157144255203;
455, 306, 1157144255218;
454, 329, 1157144255234;
453, 346, 1157144255250;
453, 359, 1157144255265;
453, 370, 1157144255281;
453, 376, 1157144255281;
453, 379, 1157144255297;
454, 379, 1157144255343;
454, 378, 1157144255359;
456, 376, 1157144255359;
461, 372, 1157144255375;
468, 367, 1157144255390;
478, 360, 1157144255406;
487, 354, 1157144255422;
493, 347, 1157144255437;
497, 343, 1157144255453;
500, 338, 1157144255453;
502, 332, 1157144255468;
502, 324, 1157144255484;
502, 318, 1157144255500;
498, 310, 1157144255515;
494, 305, 1157144255531;
485, 303, 1157144255547;
475, 303, 1157144255562;
464, 303, 1157144255562;
456, 303, 1157144255578;
448, 301, 1157144255593;
440, 301, 1157144255609;
433, 300, 1157144255625;
427, 300, 1157144255640;
422, 300, 1157144255640;
422, 300, 1157144255640;
