462, 247, 1157144260531;
461, 248, 1157144260656;
460, 252, 1157144260672;
460, 258, 1157144260687;
460, 268, 1157144260703;
458, 277, 1157144260718;
458, 288, 1157144260718;
456, 302, 1157144260734;
455, 319, 1157144260750;
454, 341, 1157144260765;
454, 361, 1157144260781;
452, 375, 1157144260797;
451, 387, 1157144260812;
451, 393, 1157144260812;
450, 394, 1157144260828;
461, 380, 1157144260906;
470, 373, 1157144260906;
478, 367, 1157144260922;
486, 360, 1157144260937;
491, 354, 1157144260953;
497, 350, 1157144260968;
499, 348, 1157144260984;
499, 347, 1157144261000;
499, 346, 1157144261000;
499, 343, 1157144261015;
496, 336, 1157144261031;
493, 327, 1157144261047;
490, 321, 1157144261062;
487, 318, 1157144261078;
480, 315, 1157144261093;
470, 314, 1157144261109;
460, 314, 1157144261109;
452, 314, 1157144261125;
445, 314, 1157144261140;
439, 314, 1157144261156;
435, 314, 1157144261172;
431, 314, 1157144261187;
431, 314, 1157144261187;
