469, 229, 1157144266328;
469, 231, 1157144266468;
468, 237, 1157144266468;
467, 247, 1157144266484;
467, 260, 1157144266500;
465, 275, 1157144266515;
464, 293, 1157144266531;
464, 312, 1157144266547;
464, 332, 1157144266562;
464, 348, 1157144266562;
464, 361, 1157144266578;
464, 369, 1157144266593;
464, 372, 1157144266609;
464, 374, 1157144266625;
464, 371, 1157144266656;
464, 369, 1157144266672;
464, 365, 1157144266687;
466, 358, 1157144266703;
470, 351, 1157144266718;
477, 342, 1157144266734;
484, 335, 1157144266750;
492, 328, 1157144266750;
497, 322, 1157144266765;
501, 317, 1157144266781;
502, 315, 1157144266797;
502, 314, 1157144266812;
502, 311, 1157144266828;
497, 306, 1157144266843;
490, 302, 1157144266859;
482, 297, 1157144266859;
474, 290, 1157144266875;
465, 285, 1157144266890;
456, 283, 1157144266906;
445, 282, 1157144266922;
437, 281, 1157144266937;
431, 280, 1157144266953;
431, 280, 1157144266953;
