486, 226, 1157144272703;
485, 227, 1157144272797;
484, 229, 1157144272812;
484, 233, 1157144272828;
484, 240, 1157144272843;
482, 249, 1157144272859;
482, 257, 1157144272859;
482, 270, 1157144272875;
482, 285, 1157144272890;
479, 304, 1157144272906;
478, 324, 1157144272922;
477, 338, 1157144272937;
477, 350, 1157144272953;
477, 361, 1157144272968;
477, 368, 1157144272968;
477, 373, 1157144272984;
477, 376, 1157144273000;
477, 377, 1157144273015;
487, 366, 1157144273078;
495, 358, 1157144273093;
503, 349, 1157144273109;
509, 342, 1157144273125;
514, 336, 1157144273140;
518, 332, 1157144273156;
518, 330, 1157144273156;
519, 329, 1157144273172;
519, 328, 1157144273187;
519, 327, 1157144273203;
519, 322, 1157144273218;
519, 316, 1157144273234;
517, 312, 1157144273250;
513, 307, 1157144273250;
509, 305, 1157144273265;
504, 303, 1157144273281;
495, 301, 1157144273297;
488, 300, 1157144273312;
483, 300, 1157144273328;
476, 300, 1157144273343;
472, 300, 1157144273343;
468, 300, 1157144273359;
465, 300, 1157144273375;
464, 300, 1157144273390;
464, 300, 1157144273390;
