459, 311, 1157142510000;
436, 298, 1157142510000;
433, 298, 1157142510015;
429, 298, 1157142510015;
425, 300, 1157142510031;
421, 301, 1157142510031;
417, 304, 1157142510047;
413, 307, 1157142510047;
409, 311, 1157142510062;
405, 315, 1157142510062;
401, 320, 1157142510078;
398, 325, 1157142510078;
395, 331, 1157142510093;
393, 336, 1157142510093;
391, 342, 1157142510109;
390, 348, 1157142510109;
390, 354, 1157142510125;
390, 360, 1157142510125;
390, 366, 1157142510140;
391, 371, 1157142510140;
393, 375, 1157142510156;
395, 379, 1157142510156;
398, 383, 1157142510172;
401, 385, 1157142510172;
404, 387, 1157142510187;
408, 388, 1157142510187;
412, 389, 1157142510203;
417, 388, 1157142510203;
421, 387, 1157142510218;
425, 386, 1157142510218;
430, 384, 1157142510218;
434, 380, 1157142510234;
437, 376, 1157142510234;
441, 371, 1157142510250;
444, 366, 1157142510250;
447, 361, 1157142510265;
449, 356, 1157142510265;
451, 349, 1157142510281;
453, 343, 1157142510281;
454, 338, 1157142510297;
455, 332, 1157142510297;
456, 327, 1157142510312;
456, 322, 1157142510312;
456, 318, 1157142510328;
456, 314, 1157142510328;
456, 312, 1157142510343;
456, 310, 1157142510343;
456, 308, 1157142510359;
456, 309, 1157142510375;
456, 311, 1157142510390;
456, 314, 1157142510390;
456, 318, 1157142510406;
456, 323, 1157142510406;
456, 330, 1157142510422;
456, 337, 1157142510422;
455, 345, 1157142510437;
455, 354, 1157142510437;
455, 364, 1157142510453;
454, 375, 1157142510453;
454, 386, 1157142510468;
453, 397, 1157142510468;
453, 408, 1157142510484;
452, 419, 1157142510484;
452, 429, 1157142510500;
452, 439, 1157142510500;
452, 448, 1157142510515;
451, 456, 1157142510515;
451, 462, 1157142510531;
452, 467, 1157142510531;
452, 470, 1157142510547;
452, 472, 1157142510547;
453, 471, 1157142510562;
453, 469, 1157142510578;
454, 465, 1157142510578;
456, 461, 1157142510593;
457, 456, 1157142510593;
459, 452, 1157142510609;
460, 447, 1157142510609;
462, 443, 1157142510609;
463, 438, 1157142510625;
468, 422, 1157142510625;
468, 422, 1157142510625;
