481, 353, 1157142617734;
481, 351, 1157142617750;
482, 349, 1157142617765;
482, 347, 1157142617781;
482, 346, 1157142617797;
482, 343, 1157142617812;
482, 342, 1157142617828;
482, 340, 1157142617828;
482, 339, 1157142617843;
482, 337, 1157142617859;
481, 335, 1157142617875;
479, 333, 1157142617890;
478, 332, 1157142617906;
477, 330, 1157142617922;
476, 329, 1157142617922;
474, 329, 1157142617937;
471, 329, 1157142617953;
464, 330, 1157142617968;
457, 334, 1157142617984;
450, 341, 1157142618000;
442, 348, 1157142618015;
433, 358, 1157142618015;
429, 367, 1157142618031;
425, 374, 1157142618047;
423, 380, 1157142618062;
423, 387, 1157142618078;
423, 392, 1157142618093;
424, 398, 1157142618109;
428, 403, 1157142618109;
431, 406, 1157142618125;
434, 409, 1157142618140;
438, 410, 1157142618156;
442, 411, 1157142618172;
449, 411, 1157142618187;
454, 409, 1157142618203;
460, 406, 1157142618218;
466, 403, 1157142618218;
470, 397, 1157142618234;
473, 391, 1157142618250;
476, 385, 1157142618265;
478, 378, 1157142618281;
480, 373, 1157142618297;
481, 368, 1157142618312;
482, 365, 1157142618312;
482, 362, 1157142618328;
482, 359, 1157142618343;
482, 358, 1157142618359;
482, 357, 1157142618375;
482, 356, 1157142618390;
482, 354, 1157142618406;
481, 354, 1157142618437;
481, 355, 1157142618484;
481, 357, 1157142618500;
481, 361, 1157142618515;
481, 365, 1157142618531;
481, 371, 1157142618547;
479, 380, 1157142618562;
478, 390, 1157142618578;
478, 403, 1157142618593;
476, 416, 1157142618593;
476, 429, 1157142618609;
476, 441, 1157142618625;
476, 449, 1157142618640;
475, 456, 1157142618656;
475, 460, 1157142618672;
475, 463, 1157142618687;
475, 465, 1157142618687;
475, 466, 1157142618750;
475, 465, 1157142618828;
475, 464, 1157142618843;
475, 462, 1157142618859;
475, 458, 1157142618875;
477, 451, 1157142618875;
483, 441, 1157142618890;
488, 433, 1157142618906;
495, 424, 1157142618922;
497, 421, 1157142618937;
499, 419, 1157142618953;
499, 418, 1157142618984;
499, 418, 1157142619031;
