483, 291, 1157142629281;
483, 289, 1157142629422;
482, 286, 1157142629422;
478, 283, 1157142629437;
475, 279, 1157142629453;
470, 276, 1157142629468;
465, 273, 1157142629484;
461, 270, 1157142629500;
457, 268, 1157142629515;
455, 268, 1157142629515;
452, 268, 1157142629531;
450, 268, 1157142629547;
449, 269, 1157142629562;
444, 272, 1157142629578;
440, 277, 1157142629593;
436, 284, 1157142629609;
433, 293, 1157142629609;
432, 300, 1157142629625;
431, 307, 1157142629640;
431, 312, 1157142629656;
431, 316, 1157142629672;
432, 321, 1157142629687;
435, 323, 1157142629703;
438, 326, 1157142629703;
441, 326, 1157142629718;
444, 327, 1157142629734;
446, 327, 1157142629750;
449, 327, 1157142629765;
453, 325, 1157142629781;
455, 323, 1157142629797;
458, 319, 1157142629812;
459, 317, 1157142629812;
460, 315, 1157142629828;
460, 313, 1157142629843;
461, 309, 1157142629859;
464, 305, 1157142629875;
465, 301, 1157142629890;
465, 300, 1157142629906;
465, 299, 1157142629937;
465, 298, 1157142630062;
467, 292, 1157142630109;
467, 291, 1157142630140;
467, 290, 1157142630172;
468, 290, 1157142630281;
468, 291, 1157142630375;
468, 293, 1157142630390;
468, 295, 1157142630406;
468, 298, 1157142630422;
469, 301, 1157142630437;
470, 305, 1157142630453;
471, 311, 1157142630468;
472, 320, 1157142630468;
473, 328, 1157142630484;
475, 335, 1157142630500;
476, 342, 1157142630515;
477, 347, 1157142630531;
477, 351, 1157142630547;
477, 354, 1157142630562;
477, 357, 1157142630562;
477, 359, 1157142630578;
477, 360, 1157142630593;
477, 361, 1157142630609;
477, 362, 1157142630625;
477, 363, 1157142630640;
477, 364, 1157142630672;
477, 365, 1157142630765;
478, 364, 1157142630843;
478, 363, 1157142630859;
479, 360, 1157142630875;
480, 358, 1157142630890;
482, 358, 1157142630906;
483, 356, 1157142630922;
486, 354, 1157142630937;
488, 352, 1157142630937;
490, 350, 1157142630953;
492, 349, 1157142630968;
493, 348, 1157142631000;
493, 348, 1157142631031;
