506, 283, 1157142637875;
505, 282, 1157142638000;
504, 281, 1157142638015;
501, 281, 1157142638031;
498, 279, 1157142638047;
494, 277, 1157142638047;
489, 275, 1157142638062;
485, 274, 1157142638078;
483, 274, 1157142638093;
480, 274, 1157142638109;
475, 276, 1157142638125;
468, 282, 1157142638140;
462, 289, 1157142638140;
455, 299, 1157142638156;
450, 310, 1157142638172;
447, 318, 1157142638187;
445, 328, 1157142638203;
445, 337, 1157142638218;
445, 345, 1157142638234;
447, 351, 1157142638234;
453, 355, 1157142638250;
461, 358, 1157142638265;
467, 359, 1157142638281;
476, 359, 1157142638297;
484, 355, 1157142638312;
492, 351, 1157142638328;
497, 348, 1157142638328;
499, 346, 1157142638343;
502, 343, 1157142638359;
507, 334, 1157142638375;
512, 324, 1157142638390;
515, 317, 1157142638406;
516, 314, 1157142638422;
517, 311, 1157142638437;
517, 307, 1157142638437;
517, 304, 1157142638453;
517, 300, 1157142638468;
517, 297, 1157142638484;
517, 296, 1157142638500;
517, 295, 1157142638515;
517, 293, 1157142638531;
517, 292, 1157142638547;
516, 291, 1157142638562;
515, 291, 1157142638578;
514, 291, 1157142638609;
513, 292, 1157142638625;
513, 293, 1157142638640;
511, 297, 1157142638656;
509, 304, 1157142638672;
507, 314, 1157142638687;
507, 327, 1157142638703;
507, 340, 1157142638718;
507, 355, 1157142638718;
505, 368, 1157142638734;
505, 383, 1157142638750;
505, 396, 1157142638765;
505, 408, 1157142638781;
503, 417, 1157142638797;
503, 423, 1157142638812;
503, 425, 1157142638812;
503, 426, 1157142638843;
504, 426, 1157142638953;
504, 425, 1157142638968;
506, 422, 1157142638984;
510, 416, 1157142639000;
517, 406, 1157142639000;
524, 393, 1157142639015;
536, 372, 1157142639031;
543, 359, 1157142639047;
547, 353, 1157142639062;
550, 350, 1157142639078;
550, 349, 1157142639093;
550, 349, 1157142639156;
