507, 330, 1157142646672;
507, 329, 1157142646703;
507, 328, 1157142646718;
507, 327, 1157142646734;
507, 326, 1157142646734;
507, 324, 1157142646750;
506, 322, 1157142646765;
504, 320, 1157142646781;
503, 319, 1157142646797;
500, 317, 1157142646812;
496, 315, 1157142646828;
492, 314, 1157142646828;
488, 313, 1157142646843;
485, 313, 1157142646859;
481, 314, 1157142646875;
475, 319, 1157142646890;
470, 325, 1157142646906;
465, 335, 1157142646922;
460, 346, 1157142646922;
457, 357, 1157142646937;
456, 367, 1157142646953;
456, 376, 1157142646968;
458, 384, 1157142646984;
462, 390, 1157142647000;
466, 394, 1157142647015;
471, 396, 1157142647015;
475, 397, 1157142647031;
479, 397, 1157142647047;
484, 394, 1157142647062;
488, 390, 1157142647078;
490, 387, 1157142647093;
493, 384, 1157142647109;
493, 381, 1157142647109;
499, 371, 1157142647125;
501, 366, 1157142647140;
502, 363, 1157142647156;
502, 361, 1157142647172;
502, 358, 1157142647187;
502, 356, 1157142647203;
502, 355, 1157142647203;
502, 354, 1157142647234;
502, 351, 1157142647250;
502, 349, 1157142647265;
502, 348, 1157142647281;
505, 344, 1157142647297;
507, 341, 1157142647297;
508, 340, 1157142647312;
508, 339, 1157142647328;
508, 340, 1157142647390;
508, 343, 1157142647390;
506, 350, 1157142647406;
505, 360, 1157142647422;
504, 372, 1157142647437;
504, 384, 1157142647453;
504, 396, 1157142647468;
504, 407, 1157142647484;
504, 419, 1157142647484;
504, 430, 1157142647500;
504, 439, 1157142647515;
504, 447, 1157142647531;
504, 454, 1157142647547;
504, 459, 1157142647562;
504, 465, 1157142647578;
505, 469, 1157142647578;
505, 471, 1157142647593;
505, 472, 1157142647625;
505, 468, 1157142647687;
505, 467, 1157142647687;
507, 464, 1157142647703;
508, 460, 1157142647718;
510, 455, 1157142647734;
514, 449, 1157142647750;
519, 443, 1157142647765;
522, 440, 1157142647781;
523, 439, 1157142647781;
523, 438, 1157142647812;
523, 438, 1157142647828;
