563, 297, 1157142653437;
562, 296, 1157142653500;
561, 295, 1157142653500;
560, 294, 1157142653515;
558, 292, 1157142653531;
556, 290, 1157142653547;
553, 288, 1157142653562;
551, 286, 1157142653578;
549, 285, 1157142653593;
546, 283, 1157142653593;
543, 283, 1157142653609;
540, 283, 1157142653625;
534, 284, 1157142653640;
528, 289, 1157142653656;
522, 296, 1157142653672;
517, 303, 1157142653687;
514, 310, 1157142653703;
513, 317, 1157142653703;
512, 324, 1157142653718;
512, 331, 1157142653734;
512, 337, 1157142653750;
513, 341, 1157142653765;
515, 343, 1157142653781;
518, 344, 1157142653781;
521, 344, 1157142653797;
524, 344, 1157142653812;
527, 344, 1157142653828;
530, 342, 1157142653843;
534, 338, 1157142653859;
539, 332, 1157142653875;
543, 327, 1157142653890;
545, 323, 1157142653890;
547, 320, 1157142653906;
548, 319, 1157142653922;
548, 318, 1157142653937;
548, 316, 1157142653953;
548, 315, 1157142653984;
548, 311, 1157142654000;
549, 309, 1157142654015;
552, 305, 1157142654031;
552, 300, 1157142654047;
553, 300, 1157142654062;
553, 299, 1157142654078;
553, 301, 1157142654172;
553, 303, 1157142654187;
553, 306, 1157142654203;
553, 310, 1157142654218;
553, 317, 1157142654234;
553, 329, 1157142654250;
553, 342, 1157142654265;
553, 360, 1157142654265;
553, 375, 1157142654281;
551, 386, 1157142654297;
551, 394, 1157142654312;
551, 402, 1157142654328;
551, 407, 1157142654343;
551, 411, 1157142654359;
551, 412, 1157142654359;
551, 411, 1157142654437;
551, 410, 1157142654453;
551, 409, 1157142654453;
551, 408, 1157142654468;
551, 407, 1157142654484;
553, 404, 1157142654500;
557, 401, 1157142654515;
559, 398, 1157142654531;
561, 397, 1157142654547;
561, 397, 1157142654547;
