477, 314, 1157142669922;
475, 312, 1157142670062;
473, 310, 1157142670093;
473, 309, 1157142670109;
470, 308, 1157142670125;
468, 308, 1157142670125;
464, 308, 1157142670140;
461, 308, 1157142670156;
459, 309, 1157142670172;
457, 310, 1157142670187;
454, 314, 1157142670203;
451, 318, 1157142670218;
449, 323, 1157142670234;
447, 328, 1157142670234;
445, 331, 1157142670250;
443, 337, 1157142670265;
441, 341, 1157142670281;
441, 347, 1157142670297;
440, 351, 1157142670312;
440, 355, 1157142670312;
440, 358, 1157142670328;
441, 361, 1157142670343;
445, 365, 1157142670359;
448, 368, 1157142670375;
451, 368, 1157142670390;
453, 369, 1157142670406;
457, 369, 1157142670422;
462, 366, 1157142670422;
467, 361, 1157142670437;
471, 355, 1157142670453;
474, 350, 1157142670468;
476, 347, 1157142670484;
476, 344, 1157142670500;
476, 342, 1157142670515;
476, 338, 1157142670515;
476, 336, 1157142670531;
476, 333, 1157142670547;
476, 330, 1157142670562;
476, 327, 1157142670578;
476, 326, 1157142670593;
476, 325, 1157142670609;
476, 324, 1157142670625;
476, 325, 1157142670718;
476, 327, 1157142670734;
476, 331, 1157142670750;
476, 337, 1157142670765;
476, 350, 1157142670781;
477, 365, 1157142670797;
477, 381, 1157142670812;
477, 396, 1157142670812;
477, 409, 1157142670828;
477, 418, 1157142670843;
477, 426, 1157142670859;
477, 430, 1157142670875;
477, 433, 1157142670890;
477, 434, 1157142670906;
477, 433, 1157142671000;
479, 430, 1157142671015;
483, 425, 1157142671031;
491, 418, 1157142671047;
499, 410, 1157142671062;
504, 405, 1157142671078;
506, 404, 1157142671078;
508, 402, 1157142671093;
508, 402, 1157142671125;
