494, 315, 1157142675656;
491, 314, 1157142675765;
489, 313, 1157142675765;
485, 312, 1157142675781;
483, 312, 1157142675797;
480, 311, 1157142675812;
478, 311, 1157142675828;
475, 311, 1157142675843;
471, 311, 1157142675859;
465, 313, 1157142675859;
458, 319, 1157142675875;
452, 324, 1157142675890;
446, 331, 1157142675906;
441, 339, 1157142675922;
439, 347, 1157142675937;
437, 355, 1157142675953;
437, 362, 1157142675953;
437, 367, 1157142675968;
439, 372, 1157142675984;
444, 376, 1157142676000;
453, 379, 1157142676015;
459, 379, 1157142676031;
465, 379, 1157142676047;
468, 377, 1157142676047;
471, 373, 1157142676062;
473, 369, 1157142676078;
477, 363, 1157142676093;
481, 357, 1157142676109;
486, 351, 1157142676125;
489, 346, 1157142676140;
492, 340, 1157142676140;
494, 337, 1157142676156;
495, 332, 1157142676172;
495, 329, 1157142676187;
495, 327, 1157142676203;
495, 326, 1157142676218;
495, 325, 1157142676234;
495, 326, 1157142676343;
495, 328, 1157142676359;
495, 332, 1157142676375;
495, 339, 1157142676390;
495, 348, 1157142676406;
493, 357, 1157142676422;
491, 369, 1157142676437;
489, 382, 1157142676437;
488, 394, 1157142676453;
487, 406, 1157142676468;
486, 416, 1157142676484;
486, 424, 1157142676500;
486, 430, 1157142676515;
486, 433, 1157142676531;
486, 434, 1157142676531;
486, 435, 1157142676547;
490, 431, 1157142676640;
495, 429, 1157142676656;
500, 426, 1157142676672;
505, 420, 1157142676687;
510, 414, 1157142676703;
513, 409, 1157142676718;
515, 405, 1157142676718;
515, 405, 1157142676718;
