484, 295, 1157142681078;
484, 294, 1157142681109;
483, 293, 1157142681140;
481, 293, 1157142681156;
479, 292, 1157142681172;
476, 292, 1157142681187;
474, 291, 1157142681203;
472, 291, 1157142681218;
470, 291, 1157142681218;
467, 291, 1157142681234;
463, 292, 1157142681250;
458, 295, 1157142681265;
455, 299, 1157142681281;
451, 303, 1157142681297;
449, 308, 1157142681312;
447, 312, 1157142681312;
446, 317, 1157142681328;
446, 321, 1157142681343;
446, 325, 1157142681359;
448, 329, 1157142681375;
453, 331, 1157142681390;
459, 333, 1157142681406;
464, 334, 1157142681406;
468, 334, 1157142681422;
471, 334, 1157142681437;
474, 332, 1157142681453;
474, 331, 1157142681468;
475, 329, 1157142681484;
475, 327, 1157142681500;
475, 322, 1157142681515;
476, 319, 1157142681531;
476, 317, 1157142681547;
477, 311, 1157142681562;
478, 308, 1157142681578;
478, 306, 1157142681593;
478, 305, 1157142681609;
478, 304, 1157142681609;
478, 303, 1157142681640;
478, 302, 1157142681656;
478, 300, 1157142681672;
478, 297, 1157142681687;
478, 296, 1157142681687;
478, 295, 1157142681703;
478, 296, 1157142681765;
478, 298, 1157142681781;
478, 302, 1157142681797;
478, 307, 1157142681797;
478, 314, 1157142681812;
478, 323, 1157142681828;
478, 334, 1157142681843;
478, 346, 1157142681859;
478, 358, 1157142681875;
478, 370, 1157142681890;
478, 380, 1157142681890;
478, 391, 1157142681906;
478, 398, 1157142681922;
478, 401, 1157142681937;
478, 402, 1157142681953;
478, 403, 1157142681968;
479, 403, 1157142682047;
481, 401, 1157142682062;
483, 398, 1157142682078;
486, 394, 1157142682078;
488, 391, 1157142682093;
491, 387, 1157142682109;
494, 383, 1157142682125;
496, 379, 1157142682140;
497, 378, 1157142682156;
497, 378, 1157142682156;
