626, 335, 1157691471890;
625, 333, 1157691471906;
624, 331, 1157691471922;
624, 330, 1157691471937;
623, 328, 1157691471953;
622, 328, 1157691471953;
622, 327, 1157691471968;
621, 326, 1157691471984;
620, 325, 1157691472000;
618, 325, 1157691472015;
617, 323, 1157691472031;
615, 323, 1157691472047;
613, 323, 1157691472047;
611, 323, 1157691472062;
609, 323, 1157691472078;
608, 323, 1157691472093;
606, 323, 1157691472109;
603, 324, 1157691472125;
601, 328, 1157691472140;
597, 333, 1157691472156;
594, 339, 1157691472156;
592, 345, 1157691472172;
591, 350, 1157691472187;
591, 356, 1157691472203;
591, 360, 1157691472218;
592, 362, 1157691472234;
594, 364, 1157691472234;
597, 367, 1157691472250;
599, 368, 1157691472265;
600, 368, 1157691472281;
603, 368, 1157691472297;
606, 365, 1157691472312;
610, 360, 1157691472328;
613, 354, 1157691472343;
619, 346, 1157691472343;
623, 336, 1157691472359;
627, 326, 1157691472375;
632, 316, 1157691472390;
633, 311, 1157691472406;
634, 309, 1157691472422;
634, 306, 1157691472437;
634, 305, 1157691472453;
634, 306, 1157691472531;
634, 310, 1157691472531;
630, 318, 1157691472547;
626, 329, 1157691472562;
620, 345, 1157691472578;
612, 367, 1157691472593;
603, 392, 1157691472609;
597, 419, 1157691472625;
589, 441, 1157691472625;
585, 455, 1157691472640;
582, 465, 1157691472656;
581, 472, 1157691472672;
580, 476, 1157691472687;
580, 478, 1157691472703;
580, 481, 1157691472718;
581, 484, 1157691472718;
582, 485, 1157691472734;
584, 486, 1157691472750;
585, 486, 1157691472765;
586, 486, 1157691472781;
587, 486, 1157691472797;
588, 484, 1157691472812;
591, 481, 1157691472812;
594, 474, 1157691472828;
597, 465, 1157691472843;
600, 454, 1157691472859;
602, 443, 1157691472875;
605, 435, 1157691472890;
605, 427, 1157691472906;
605, 419, 1157691472906;
605, 412, 1157691472922;
605, 406, 1157691472937;
603, 401, 1157691472953;
601, 397, 1157691472968;
599, 393, 1157691472984;
599, 391, 1157691473000;
597, 390, 1157691473000;
597, 388, 1157691473015;
600, 388, 1157691473125;
603, 388, 1157691473140;
607, 388, 1157691473156;
613, 385, 1157691473172;
626, 376, 1157691473187;
651, 354, 1157691473203;
651, 354, 1157691473203;
