589, 336, 1157691487625;
588, 335, 1157691487640;
588, 334, 1157691487656;
587, 332, 1157691487750;
587, 330, 1157691487765;
586, 328, 1157691487781;
585, 325, 1157691487797;
585, 322, 1157691487797;
584, 318, 1157691487812;
582, 313, 1157691487828;
580, 310, 1157691487843;
578, 307, 1157691487859;
576, 306, 1157691487875;
573, 306, 1157691487890;
570, 306, 1157691487890;
565, 307, 1157691487906;
562, 312, 1157691487922;
557, 319, 1157691487937;
553, 329, 1157691487953;
550, 339, 1157691487968;
548, 350, 1157691487984;
546, 360, 1157691487984;
546, 368, 1157691488000;
546, 375, 1157691488015;
547, 381, 1157691488031;
549, 385, 1157691488047;
552, 388, 1157691488062;
554, 389, 1157691488078;
557, 389, 1157691488093;
561, 386, 1157691488093;
566, 382, 1157691488109;
571, 376, 1157691488125;
576, 369, 1157691488140;
581, 359, 1157691488156;
584, 348, 1157691488172;
587, 337, 1157691488172;
588, 330, 1157691488187;
589, 326, 1157691488203;
589, 325, 1157691488218;
589, 326, 1157691488328;
589, 328, 1157691488343;
589, 331, 1157691488359;
589, 335, 1157691488375;
586, 342, 1157691488375;
584, 351, 1157691488390;
582, 364, 1157691488406;
579, 379, 1157691488422;
573, 398, 1157691488437;
569, 419, 1157691488453;
566, 433, 1157691488468;
562, 444, 1157691488468;
560, 451, 1157691488484;
560, 453, 1157691488500;
559, 454, 1157691488515;
559, 455, 1157691488531;
559, 456, 1157691488609;
559, 454, 1157691488765;
561, 449, 1157691488781;
564, 442, 1157691488797;
568, 432, 1157691488812;
574, 421, 1157691488828;
578, 410, 1157691488843;
584, 399, 1157691488843;
590, 389, 1157691488859;
599, 379, 1157691488875;
607, 373, 1157691488890;
612, 369, 1157691488906;
616, 367, 1157691488922;
619, 366, 1157691488937;
622, 366, 1157691488953;
622, 366, 1157691488953;
