426, 312, 1157142529031;
401, 320, 1157142529047;
399, 323, 1157142529047;
396, 326, 1157142529062;
393, 330, 1157142529062;
391, 334, 1157142529078;
389, 339, 1157142529078;
387, 344, 1157142529093;
386, 349, 1157142529093;
385, 354, 1157142529109;
384, 359, 1157142529109;
383, 364, 1157142529125;
383, 368, 1157142529125;
384, 373, 1157142529140;
384, 377, 1157142529140;
385, 380, 1157142529156;
387, 383, 1157142529156;
389, 386, 1157142529172;
391, 388, 1157142529172;
393, 390, 1157142529187;
395, 390, 1157142529187;
398, 391, 1157142529203;
401, 391, 1157142529203;
404, 390, 1157142529218;
407, 389, 1157142529218;
411, 388, 1157142529234;
414, 386, 1157142529234;
417, 383, 1157142529250;
420, 380, 1157142529250;
423, 375, 1157142529265;
426, 371, 1157142529265;
429, 366, 1157142529281;
432, 361, 1157142529281;
435, 356, 1157142529297;
437, 351, 1157142529297;
438, 346, 1157142529312;
440, 342, 1157142529312;
440, 338, 1157142529328;
441, 334, 1157142529328;
441, 331, 1157142529343;
441, 329, 1157142529343;
441, 327, 1157142529359;
441, 326, 1157142529359;
441, 324, 1157142529375;
441, 323, 1157142529390;
440, 324, 1157142529390;
440, 326, 1157142529406;
440, 328, 1157142529422;
439, 331, 1157142529422;
439, 335, 1157142529437;
439, 339, 1157142529437;
438, 345, 1157142529437;
438, 350, 1157142529453;
437, 357, 1157142529453;
437, 364, 1157142529468;
436, 371, 1157142529468;
435, 379, 1157142529484;
435, 387, 1157142529484;
434, 395, 1157142529500;
433, 404, 1157142529500;
433, 413, 1157142529515;
432, 421, 1157142529515;
431, 429, 1157142529531;
431, 436, 1157142529531;
430, 442, 1157142529547;
430, 448, 1157142529547;
430, 452, 1157142529562;
430, 455, 1157142529562;
429, 457, 1157142529578;
429, 459, 1157142529578;
430, 460, 1157142529593;
430, 459, 1157142529609;
431, 458, 1157142529609;
432, 455, 1157142529625;
434, 452, 1157142529625;
436, 449, 1157142529640;
438, 445, 1157142529640;
440, 441, 1157142529656;
443, 437, 1157142529656;
446, 432, 1157142529672;
449, 428, 1157142529672;
452, 425, 1157142529687;
455, 421, 1157142529687;
457, 419, 1157142529703;
459, 416, 1157142529703;
461, 414, 1157142529718;
466, 408, 1157142529718;
466, 408, 1157142529718;
