578, 353, 1157691499500;
578, 352, 1157691499515;
578, 350, 1157691499531;
578, 349, 1157691499547;
578, 347, 1157691499562;
578, 345, 1157691499578;
578, 342, 1157691499593;
577, 338, 1157691499609;
576, 333, 1157691499609;
574, 325, 1157691499625;
571, 317, 1157691499640;
566, 308, 1157691499656;
562, 302, 1157691499672;
559, 299, 1157691499687;
555, 296, 1157691499703;
551, 295, 1157691499703;
548, 295, 1157691499718;
546, 295, 1157691499734;
543, 295, 1157691499750;
541, 296, 1157691499765;
536, 300, 1157691499781;
532, 304, 1157691499797;
528, 312, 1157691499797;
524, 319, 1157691499812;
522, 326, 1157691499828;
520, 333, 1157691499843;
519, 341, 1157691499859;
519, 348, 1157691499875;
519, 354, 1157691499890;
520, 359, 1157691499890;
523, 364, 1157691499906;
525, 366, 1157691499922;
528, 368, 1157691499937;
531, 369, 1157691499953;
534, 369, 1157691499968;
536, 369, 1157691499984;
538, 366, 1157691499984;
543, 361, 1157691500000;
548, 355, 1157691500015;
552, 349, 1157691500031;
554, 343, 1157691500047;
556, 339, 1157691500062;
557, 335, 1157691500078;
558, 331, 1157691500078;
558, 329, 1157691500093;
558, 327, 1157691500109;
558, 326, 1157691500125;
558, 325, 1157691500140;
557, 324, 1157691500156;
557, 323, 1157691500172;
557, 322, 1157691500250;
557, 323, 1157691500375;
557, 326, 1157691500375;
557, 332, 1157691500390;
554, 342, 1157691500406;
552, 353, 1157691500422;
549, 368, 1157691500437;
545, 384, 1157691500453;
543, 400, 1157691500468;
540, 415, 1157691500468;
538, 428, 1157691500484;
537, 440, 1157691500500;
536, 451, 1157691500515;
536, 459, 1157691500531;
536, 464, 1157691500547;
536, 467, 1157691500562;
536, 470, 1157691500562;
536, 471, 1157691500593;
536, 470, 1157691500750;
536, 467, 1157691500765;
536, 464, 1157691500781;
538, 458, 1157691500797;
539, 453, 1157691500812;
541, 442, 1157691500828;
542, 431, 1157691500843;
544, 422, 1157691500843;
546, 414, 1157691500859;
546, 407, 1157691500875;
547, 401, 1157691500890;
547, 397, 1157691500906;
547, 395, 1157691500922;
547, 393, 1157691500937;
547, 392, 1157691500937;
546, 392, 1157691500984;
545, 392, 1157691501015;
545, 391, 1157691501031;
544, 391, 1157691501047;
546, 390, 1157691501203;
549, 389, 1157691501218;
553, 387, 1157691501218;
560, 382, 1157691501234;
570, 373, 1157691501250;
584, 359, 1157691501265;
603, 332, 1157691501281;
619, 307, 1157691501297;
637, 283, 1157691501312;
651, 261, 1157691501328;
651, 261, 1157691501328;
