461, 317, 1157142536609;
437, 308, 1157142536609;
433, 308, 1157142536625;
429, 310, 1157142536625;
425, 311, 1157142536640;
420, 314, 1157142536640;
416, 316, 1157142536656;
412, 320, 1157142536656;
408, 323, 1157142536672;
405, 327, 1157142536672;
402, 331, 1157142536687;
399, 335, 1157142536687;
398, 339, 1157142536703;
397, 343, 1157142536703;
397, 347, 1157142536718;
397, 350, 1157142536718;
397, 353, 1157142536734;
398, 356, 1157142536734;
400, 358, 1157142536750;
402, 360, 1157142536750;
404, 361, 1157142536765;
407, 362, 1157142536765;
409, 362, 1157142536781;
412, 362, 1157142536781;
416, 362, 1157142536797;
419, 361, 1157142536797;
422, 359, 1157142536812;
425, 357, 1157142536812;
428, 355, 1157142536828;
431, 352, 1157142536828;
434, 349, 1157142536843;
437, 345, 1157142536843;
439, 341, 1157142536859;
441, 338, 1157142536859;
443, 334, 1157142536875;
444, 330, 1157142536875;
445, 327, 1157142536890;
446, 324, 1157142536890;
446, 321, 1157142536906;
447, 318, 1157142536906;
447, 316, 1157142536922;
446, 315, 1157142536922;
446, 313, 1157142536922;
446, 312, 1157142536937;
445, 312, 1157142536937;
445, 313, 1157142536953;
445, 314, 1157142536953;
444, 315, 1157142536968;
444, 317, 1157142536968;
443, 320, 1157142536984;
443, 324, 1157142536984;
442, 329, 1157142537000;
441, 334, 1157142537000;
440, 340, 1157142537015;
439, 346, 1157142537015;
438, 354, 1157142537031;
437, 361, 1157142537031;
436, 369, 1157142537047;
435, 377, 1157142537047;
434, 385, 1157142537062;
433, 393, 1157142537062;
432, 401, 1157142537078;
431, 409, 1157142537078;
430, 416, 1157142537093;
429, 423, 1157142537093;
428, 428, 1157142537109;
427, 433, 1157142537109;
427, 436, 1157142537125;
427, 439, 1157142537125;
427, 441, 1157142537140;
427, 442, 1157142537140;
427, 443, 1157142537156;
428, 443, 1157142537172;
428, 442, 1157142537172;
430, 440, 1157142537187;
432, 437, 1157142537187;
434, 434, 1157142537203;
437, 429, 1157142537203;
440, 425, 1157142537218;
444, 420, 1157142537218;
447, 415, 1157142537234;
451, 409, 1157142537234;
455, 405, 1157142537250;
458, 401, 1157142537250;
460, 398, 1157142537265;
467, 388, 1157142537265;
467, 388, 1157142537265;
