438, 320, 1157142545937;
416, 329, 1157142545937;
414, 332, 1157142545953;
412, 335, 1157142545953;
410, 339, 1157142545968;
409, 342, 1157142545968;
407, 346, 1157142545984;
406, 350, 1157142545984;
406, 354, 1157142546000;
405, 358, 1157142546000;
405, 362, 1157142546015;
405, 365, 1157142546015;
405, 368, 1157142546031;
406, 371, 1157142546031;
407, 374, 1157142546047;
408, 376, 1157142546047;
410, 377, 1157142546062;
412, 379, 1157142546062;
414, 380, 1157142546078;
416, 380, 1157142546078;
418, 380, 1157142546093;
420, 380, 1157142546093;
423, 379, 1157142546109;
425, 378, 1157142546109;
428, 377, 1157142546125;
431, 374, 1157142546125;
434, 372, 1157142546140;
436, 369, 1157142546140;
439, 366, 1157142546156;
441, 363, 1157142546156;
443, 360, 1157142546172;
445, 357, 1157142546172;
446, 354, 1157142546187;
448, 350, 1157142546187;
449, 347, 1157142546187;
450, 343, 1157142546203;
450, 341, 1157142546203;
451, 338, 1157142546218;
451, 335, 1157142546218;
451, 333, 1157142546234;
451, 332, 1157142546234;
451, 330, 1157142546250;
451, 329, 1157142546250;
450, 329, 1157142546265;
450, 328, 1157142546265;
450, 329, 1157142546281;
450, 330, 1157142546297;
449, 332, 1157142546312;
449, 334, 1157142546312;
449, 337, 1157142546328;
449, 340, 1157142546328;
448, 344, 1157142546343;
448, 348, 1157142546343;
448, 353, 1157142546359;
447, 358, 1157142546359;
447, 364, 1157142546375;
446, 370, 1157142546375;
446, 377, 1157142546390;
445, 384, 1157142546390;
445, 390, 1157142546406;
444, 397, 1157142546406;
444, 404, 1157142546422;
443, 410, 1157142546422;
443, 417, 1157142546437;
442, 422, 1157142546437;
442, 428, 1157142546453;
442, 432, 1157142546453;
442, 436, 1157142546468;
441, 440, 1157142546468;
441, 442, 1157142546484;
441, 444, 1157142546484;
442, 446, 1157142546500;
442, 447, 1157142546500;
443, 447, 1157142546515;
443, 446, 1157142546531;
444, 445, 1157142546531;
445, 443, 1157142546547;
446, 441, 1157142546547;
448, 439, 1157142546562;
449, 436, 1157142546562;
451, 433, 1157142546578;
453, 430, 1157142546578;
456, 427, 1157142546593;
458, 424, 1157142546593;
460, 421, 1157142546593;
461, 419, 1157142546609;
462, 418, 1157142546609;
466, 412, 1157142546625;
466, 412, 1157142546625;
