473, 339, 1157142554922;
453, 335, 1157142554937;
451, 337, 1157142554937;
448, 339, 1157142554953;
446, 341, 1157142554953;
443, 343, 1157142554968;
441, 346, 1157142554968;
438, 348, 1157142554984;
436, 352, 1157142554984;
434, 355, 1157142555000;
431, 358, 1157142555000;
429, 362, 1157142555015;
427, 366, 1157142555015;
426, 370, 1157142555031;
425, 373, 1157142555031;
424, 377, 1157142555047;
423, 381, 1157142555047;
423, 384, 1157142555062;
423, 387, 1157142555062;
423, 391, 1157142555078;
423, 393, 1157142555078;
424, 396, 1157142555093;
425, 398, 1157142555093;
425, 400, 1157142555109;
427, 402, 1157142555109;
428, 403, 1157142555125;
429, 404, 1157142555125;
430, 404, 1157142555140;
431, 405, 1157142555140;
432, 405, 1157142555140;
433, 405, 1157142555156;
434, 404, 1157142555156;
436, 403, 1157142555172;
437, 402, 1157142555172;
438, 401, 1157142555187;
440, 399, 1157142555187;
441, 397, 1157142555203;
442, 395, 1157142555203;
443, 393, 1157142555218;
444, 391, 1157142555218;
446, 388, 1157142555234;
447, 386, 1157142555234;
448, 383, 1157142555250;
449, 380, 1157142555250;
451, 377, 1157142555265;
452, 374, 1157142555265;
453, 371, 1157142555281;
454, 368, 1157142555281;
455, 366, 1157142555297;
456, 363, 1157142555297;
457, 361, 1157142555312;
458, 358, 1157142555312;
459, 356, 1157142555328;
459, 354, 1157142555328;
460, 352, 1157142555343;
460, 351, 1157142555343;
461, 349, 1157142555359;
461, 348, 1157142555359;
462, 347, 1157142555375;
462, 346, 1157142555375;
462, 345, 1157142555390;
462, 346, 1157142555437;
462, 347, 1157142555437;
462, 349, 1157142555453;
462, 351, 1157142555453;
462, 353, 1157142555468;
462, 356, 1157142555468;
462, 359, 1157142555484;
462, 363, 1157142555484;
461, 367, 1157142555500;
461, 372, 1157142555500;
460, 378, 1157142555515;
460, 383, 1157142555515;
459, 389, 1157142555531;
458, 396, 1157142555531;
457, 402, 1157142555531;
456, 408, 1157142555547;
455, 414, 1157142555547;
455, 421, 1157142555562;
454, 427, 1157142555562;
453, 433, 1157142555578;
453, 438, 1157142555578;
452, 443, 1157142555593;
451, 448, 1157142555593;
451, 453, 1157142555609;
451, 457, 1157142555609;
450, 461, 1157142555625;
450, 464, 1157142555625;
450, 466, 1157142555640;
450, 468, 1157142555640;
450, 470, 1157142555656;
450, 471, 1157142555656;
451, 472, 1157142555672;
452, 472, 1157142555687;
453, 471, 1157142555687;
454, 470, 1157142555703;
456, 468, 1157142555703;
458, 465, 1157142555718;
461, 462, 1157142555718;
464, 459, 1157142555734;
466, 455, 1157142555734;
469, 452, 1157142555750;
472, 449, 1157142555750;
475, 446, 1157142555765;
478, 444, 1157142555765;
487, 436, 1157142555781;
487, 436, 1157142555781;
