477, 309, 1157142575250;
463, 305, 1157142575250;
461, 306, 1157142575265;
459, 307, 1157142575265;
456, 308, 1157142575281;
454, 310, 1157142575281;
451, 312, 1157142575297;
449, 314, 1157142575297;
446, 316, 1157142575312;
443, 319, 1157142575312;
440, 322, 1157142575328;
438, 326, 1157142575328;
435, 329, 1157142575343;
432, 334, 1157142575343;
430, 338, 1157142575359;
427, 343, 1157142575359;
425, 347, 1157142575375;
422, 352, 1157142575375;
421, 357, 1157142575390;
419, 361, 1157142575390;
418, 366, 1157142575406;
417, 370, 1157142575406;
417, 373, 1157142575422;
417, 377, 1157142575422;
417, 380, 1157142575437;
418, 382, 1157142575437;
419, 385, 1157142575453;
420, 386, 1157142575453;
421, 388, 1157142575468;
423, 388, 1157142575468;
425, 389, 1157142575484;
428, 388, 1157142575484;
430, 388, 1157142575500;
433, 387, 1157142575500;
436, 385, 1157142575500;
440, 383, 1157142575515;
443, 380, 1157142575515;
446, 377, 1157142575531;
449, 374, 1157142575531;
453, 370, 1157142575547;
456, 366, 1157142575547;
458, 362, 1157142575562;
461, 358, 1157142575562;
463, 353, 1157142575578;
465, 348, 1157142575578;
467, 344, 1157142575593;
468, 339, 1157142575593;
469, 335, 1157142575609;
471, 330, 1157142575609;
471, 326, 1157142575625;
472, 323, 1157142575625;
473, 319, 1157142575640;
473, 316, 1157142575640;
473, 314, 1157142575656;
473, 312, 1157142575656;
473, 311, 1157142575672;
473, 310, 1157142575672;
473, 309, 1157142575687;
473, 310, 1157142575703;
472, 311, 1157142575703;
472, 313, 1157142575718;
471, 315, 1157142575718;
471, 318, 1157142575734;
470, 322, 1157142575734;
470, 326, 1157142575750;
469, 332, 1157142575750;
468, 337, 1157142575765;
467, 344, 1157142575765;
466, 351, 1157142575781;
465, 358, 1157142575781;
463, 367, 1157142575797;
462, 375, 1157142575797;
461, 384, 1157142575812;
460, 393, 1157142575812;
459, 402, 1157142575828;
458, 410, 1157142575828;
457, 419, 1157142575843;
456, 426, 1157142575843;
456, 433, 1157142575859;
455, 438, 1157142575859;
455, 443, 1157142575859;
455, 446, 1157142575875;
455, 449, 1157142575875;
455, 451, 1157142575890;
455, 452, 1157142575890;
456, 452, 1157142575906;
457, 452, 1157142575906;
458, 450, 1157142575922;
459, 448, 1157142575922;
460, 445, 1157142575937;
462, 442, 1157142575937;
464, 438, 1157142575953;
466, 433, 1157142575953;
469, 429, 1157142575968;
472, 424, 1157142575968;
474, 420, 1157142575984;
477, 416, 1157142575984;
480, 412, 1157142576000;
482, 408, 1157142576000;
484, 406, 1157142576015;
486, 404, 1157142576015;
487, 402, 1157142576031;
490, 397, 1157142576031;
490, 397, 1157142576031;
