506, 326, 1157142591109;
480, 336, 1157142591109;
477, 338, 1157142591125;
474, 341, 1157142591125;
472, 344, 1157142591140;
469, 347, 1157142591140;
467, 350, 1157142591156;
465, 353, 1157142591156;
463, 356, 1157142591172;
462, 359, 1157142591172;
460, 362, 1157142591187;
459, 365, 1157142591187;
458, 367, 1157142591203;
458, 370, 1157142591203;
457, 372, 1157142591218;
457, 374, 1157142591218;
458, 376, 1157142591234;
458, 377, 1157142591234;
459, 378, 1157142591250;
460, 380, 1157142591250;
461, 381, 1157142591265;
462, 381, 1157142591265;
463, 382, 1157142591281;
464, 382, 1157142591281;
466, 382, 1157142591297;
467, 382, 1157142591297;
469, 382, 1157142591312;
471, 381, 1157142591312;
472, 380, 1157142591328;
474, 379, 1157142591328;
476, 378, 1157142591343;
478, 377, 1157142591343;
481, 376, 1157142591359;
483, 374, 1157142591359;
484, 372, 1157142591375;
486, 371, 1157142591375;
488, 369, 1157142591390;
489, 367, 1157142591390;
491, 365, 1157142591390;
492, 363, 1157142591406;
493, 361, 1157142591406;
494, 359, 1157142591422;
495, 357, 1157142591422;
496, 355, 1157142591437;
497, 353, 1157142591437;
498, 352, 1157142591453;
498, 350, 1157142591453;
499, 349, 1157142591468;
500, 347, 1157142591468;
500, 346, 1157142591484;
500, 345, 1157142591484;
501, 345, 1157142591500;
501, 344, 1157142591500;
501, 343, 1157142591515;
501, 342, 1157142591547;
501, 343, 1157142591562;
501, 344, 1157142591578;
501, 345, 1157142591593;
501, 347, 1157142591593;
501, 349, 1157142591609;
500, 351, 1157142591609;
499, 354, 1157142591625;
498, 357, 1157142591625;
497, 361, 1157142591640;
496, 365, 1157142591640;
494, 370, 1157142591656;
493, 376, 1157142591656;
491, 381, 1157142591672;
489, 386, 1157142591672;
487, 392, 1157142591687;
484, 398, 1157142591687;
482, 404, 1157142591703;
480, 409, 1157142591703;
478, 414, 1157142591718;
476, 418, 1157142591718;
475, 422, 1157142591734;
474, 426, 1157142591734;
473, 428, 1157142591750;
472, 430, 1157142591750;
472, 432, 1157142591765;
472, 433, 1157142591765;
473, 434, 1157142591781;
474, 433, 1157142591781;
475, 432, 1157142591797;
477, 431, 1157142591797;
479, 429, 1157142591812;
481, 427, 1157142591812;
483, 424, 1157142591828;
486, 422, 1157142591828;
489, 419, 1157142591843;
491, 417, 1157142591843;
494, 414, 1157142591859;
497, 412, 1157142591859;
499, 410, 1157142591875;
501, 408, 1157142591875;
508, 403, 1157142591890;
508, 403, 1157142591890;
