504, 329, 1157142598781;
504, 328, 1157142598797;
504, 327, 1157142598859;
503, 326, 1157142598875;
502, 324, 1157142598890;
501, 323, 1157142598906;
497, 320, 1157142598922;
494, 319, 1157142598937;
490, 318, 1157142598937;
487, 317, 1157142598953;
484, 317, 1157142598968;
481, 317, 1157142598984;
476, 318, 1157142599000;
470, 322, 1157142599015;
464, 327, 1157142599031;
461, 331, 1157142599031;
457, 338, 1157142599047;
454, 344, 1157142599062;
452, 350, 1157142599078;
450, 353, 1157142599093;
450, 357, 1157142599109;
450, 361, 1157142599125;
451, 364, 1157142599125;
452, 366, 1157142599140;
456, 368, 1157142599156;
459, 368, 1157142599172;
463, 368, 1157142599187;
466, 368, 1157142599203;
470, 368, 1157142599218;
473, 366, 1157142599218;
477, 363, 1157142599234;
480, 361, 1157142599250;
484, 358, 1157142599265;
485, 356, 1157142599281;
486, 354, 1157142599297;
486, 353, 1157142599312;
487, 352, 1157142599328;
490, 349, 1157142599343;
492, 346, 1157142599359;
492, 345, 1157142599375;
493, 344, 1157142599390;
495, 341, 1157142599406;
495, 340, 1157142599406;
495, 339, 1157142599453;
495, 338, 1157142599468;
494, 338, 1157142599515;
494, 339, 1157142599640;
494, 341, 1157142599656;
492, 345, 1157142599672;
490, 356, 1157142599687;
487, 367, 1157142599703;
485, 378, 1157142599703;
484, 386, 1157142599718;
483, 395, 1157142599734;
482, 402, 1157142599750;
481, 410, 1157142599765;
480, 417, 1157142599781;
479, 423, 1157142599781;
478, 430, 1157142599797;
478, 434, 1157142599812;
478, 438, 1157142599828;
478, 440, 1157142599843;
478, 441, 1157142599859;
478, 442, 1157142599875;
478, 441, 1157142599937;
479, 440, 1157142599953;
479, 439, 1157142599968;
480, 439, 1157142599984;
482, 437, 1157142599984;
484, 434, 1157142600000;
486, 432, 1157142600015;
491, 427, 1157142600031;
494, 425, 1157142600047;
495, 424, 1157142600062;
496, 423, 1157142600078;
500, 418, 1157142600187;
500, 418, 1157142600187;
