470, 339, 1157142609062;
471, 339, 1157142609109;
470, 337, 1157142609203;
469, 336, 1157142609218;
469, 335, 1157142609234;
467, 334, 1157142609250;
465, 333, 1157142609265;
463, 331, 1157142609265;
459, 330, 1157142609281;
455, 330, 1157142609297;
450, 330, 1157142609312;
448, 331, 1157142609328;
445, 333, 1157142609343;
441, 336, 1157142609359;
438, 340, 1157142609359;
434, 346, 1157142609375;
431, 354, 1157142609390;
428, 361, 1157142609406;
427, 368, 1157142609422;
427, 375, 1157142609437;
427, 380, 1157142609453;
428, 385, 1157142609453;
431, 390, 1157142609468;
436, 391, 1157142609484;
439, 393, 1157142609500;
443, 393, 1157142609515;
447, 393, 1157142609531;
453, 390, 1157142609547;
459, 386, 1157142609562;
467, 378, 1157142609562;
473, 371, 1157142609578;
477, 363, 1157142609593;
479, 360, 1157142609609;
480, 357, 1157142609625;
480, 355, 1157142609640;
480, 353, 1157142609640;
480, 352, 1157142609656;
480, 351, 1157142609672;
480, 350, 1157142609703;
479, 350, 1157142609718;
479, 349, 1157142609734;
478, 349, 1157142609765;
477, 351, 1157142609828;
477, 353, 1157142609828;
477, 357, 1157142609843;
477, 363, 1157142609859;
477, 371, 1157142609875;
475, 380, 1157142609890;
475, 391, 1157142609906;
473, 404, 1157142609922;
472, 415, 1157142609937;
471, 423, 1157142609937;
470, 432, 1157142609953;
469, 439, 1157142609968;
468, 446, 1157142609984;
468, 448, 1157142610000;
468, 450, 1157142610015;
469, 450, 1157142610172;
469, 448, 1157142610187;
469, 447, 1157142610203;
469, 446, 1157142610218;
471, 441, 1157142610218;
473, 438, 1157142610234;
479, 431, 1157142610250;
486, 424, 1157142610265;
492, 418, 1157142610281;
496, 416, 1157142610297;
497, 415, 1157142610312;
497, 415, 1157142610406;
