599, 301, 1157130922218;
597, 299, 1157130922218;
594, 297, 1157130922234;
592, 295, 1157130922250;
589, 294, 1157130922265;
584, 292, 1157130922281;
579, 292, 1157130922297;
575, 292, 1157130922312;
569, 293, 1157130922312;
564, 297, 1157130922328;
560, 301, 1157130922343;
556, 306, 1157130922359;
552, 312, 1157130922375;
550, 320, 1157130922390;
549, 330, 1157130922406;
549, 336, 1157130922406;
551, 343, 1157130922422;
554, 348, 1157130922437;
558, 351, 1157130922453;
560, 352, 1157130922468;
563, 352, 1157130922484;
566, 349, 1157130922500;
573, 343, 1157130922515;
579, 337, 1157130922515;
586, 329, 1157130922531;
592, 322, 1157130922547;
594, 317, 1157130922562;
596, 316, 1157130922578;
596, 314, 1157130922593;
596, 313, 1157130922593;
596, 312, 1157130922609;
596, 310, 1157130922625;
596, 309, 1157130922640;
596, 308, 1157130922672;
596, 309, 1157130922750;
596, 310, 1157130922765;
596, 312, 1157130922781;
596, 315, 1157130922797;
596, 320, 1157130922797;
596, 327, 1157130922812;
598, 335, 1157130922828;
599, 343, 1157130922843;
599, 343, 1157130922843;
