632, 354, 1157131461125;
632, 353, 1157131461172;
632, 352, 1157131461187;
631, 351, 1157131461203;
630, 350, 1157131461203;
629, 348, 1157131461218;
627, 346, 1157131461234;
626, 343, 1157131461250;
624, 341, 1157131461265;
621, 338, 1157131461281;
616, 336, 1157131461297;
612, 335, 1157131461312;
609, 335, 1157131461312;
606, 335, 1157131461328;
604, 335, 1157131461343;
602, 336, 1157131461359;
598, 338, 1157131461375;
595, 343, 1157131461390;
591, 348, 1157131461390;
588, 354, 1157131461406;
586, 360, 1157131461422;
583, 367, 1157131461437;
582, 375, 1157131461453;
582, 382, 1157131461468;
582, 387, 1157131461484;
584, 392, 1157131461500;
587, 394, 1157131461500;
590, 397, 1157131461515;
594, 398, 1157131461531;
597, 398, 1157131461547;
599, 398, 1157131461562;
601, 396, 1157131461578;
605, 392, 1157131461578;
612, 387, 1157131461593;
617, 381, 1157131461609;
621, 375, 1157131461625;
624, 369, 1157131461640;
625, 367, 1157131461656;
626, 365, 1157131461672;
627, 363, 1157131461687;
627, 361, 1157131461687;
627, 360, 1157131461703;
627, 359, 1157131461718;
627, 360, 1157131461812;
627, 361, 1157131461828;
627, 363, 1157131461843;
628, 366, 1157131461859;
629, 370, 1157131461875;
630, 376, 1157131461875;
632, 382, 1157131461890;
633, 387, 1157131461906;
635, 393, 1157131461922;
636, 396, 1157131461937;
637, 400, 1157131461953;
638, 400, 1157131461968;
638, 400, 1157131461984;
