655, 326, 1157131468015;
653, 325, 1157131468172;
650, 323, 1157131468172;
646, 322, 1157131468187;
641, 322, 1157131468203;
634, 322, 1157131468218;
629, 322, 1157131468234;
623, 322, 1157131468250;
617, 323, 1157131468265;
610, 329, 1157131468281;
601, 336, 1157131468281;
595, 344, 1157131468297;
590, 351, 1157131468312;
587, 358, 1157131468328;
585, 365, 1157131468343;
584, 373, 1157131468359;
584, 380, 1157131468375;
588, 387, 1157131468375;
594, 394, 1157131468390;
601, 398, 1157131468406;
608, 400, 1157131468422;
614, 400, 1157131468437;
618, 400, 1157131468453;
624, 394, 1157131468468;
631, 388, 1157131468468;
638, 381, 1157131468484;
644, 372, 1157131468500;
651, 362, 1157131468515;
656, 352, 1157131468531;
659, 344, 1157131468547;
661, 338, 1157131468562;
663, 332, 1157131468562;
663, 330, 1157131468578;
663, 328, 1157131468593;
663, 330, 1157131468718;
663, 332, 1157131468734;
663, 335, 1157131468750;
663, 339, 1157131468750;
663, 344, 1157131468765;
663, 351, 1157131468781;
663, 358, 1157131468797;
664, 365, 1157131468812;
665, 369, 1157131468828;
666, 373, 1157131468843;
666, 373, 1157131468843;
