682, 290, 1157131474093;
680, 290, 1157131474109;
678, 289, 1157131474125;
676, 288, 1157131474140;
672, 288, 1157131474156;
670, 287, 1157131474156;
666, 286, 1157131474172;
664, 286, 1157131474187;
661, 286, 1157131474203;
657, 286, 1157131474218;
650, 288, 1157131474234;
644, 292, 1157131474250;
640, 295, 1157131474250;
633, 302, 1157131474265;
629, 311, 1157131474281;
624, 321, 1157131474297;
620, 330, 1157131474312;
620, 339, 1157131474328;
620, 348, 1157131474343;
623, 357, 1157131474359;
627, 363, 1157131474359;
631, 366, 1157131474375;
637, 368, 1157131474390;
643, 368, 1157131474406;
650, 365, 1157131474422;
657, 360, 1157131474437;
665, 353, 1157131474437;
671, 343, 1157131474453;
677, 330, 1157131474468;
684, 318, 1157131474484;
688, 307, 1157131474500;
690, 298, 1157131474515;
690, 295, 1157131474531;
690, 293, 1157131474547;
690, 294, 1157131474640;
690, 297, 1157131474656;
689, 302, 1157131474672;
689, 309, 1157131474687;
689, 317, 1157131474703;
689, 327, 1157131474718;
689, 338, 1157131474734;
692, 349, 1157131474734;
694, 356, 1157131474750;
696, 362, 1157131474765;
696, 363, 1157131474781;
696, 363, 1157131474781;
