663, 299, 1157131479875;
661, 297, 1157131479937;
659, 296, 1157131479953;
657, 294, 1157131479968;
653, 293, 1157131479984;
647, 292, 1157131480000;
639, 291, 1157131480015;
632, 291, 1157131480031;
626, 292, 1157131480031;
622, 294, 1157131480047;
618, 297, 1157131480062;
615, 300, 1157131480078;
610, 305, 1157131480093;
606, 313, 1157131480109;
602, 321, 1157131480125;
600, 329, 1157131480125;
600, 339, 1157131480140;
600, 348, 1157131480156;
603, 355, 1157131480172;
606, 360, 1157131480187;
610, 364, 1157131480203;
613, 365, 1157131480218;
616, 365, 1157131480218;
620, 365, 1157131480234;
629, 360, 1157131480250;
637, 355, 1157131480265;
645, 349, 1157131480281;
651, 341, 1157131480297;
658, 334, 1157131480312;
662, 325, 1157131480312;
664, 321, 1157131480328;
665, 318, 1157131480343;
665, 316, 1157131480359;
665, 314, 1157131480375;
665, 313, 1157131480390;
665, 311, 1157131480406;
665, 309, 1157131480422;
664, 309, 1157131480453;
664, 310, 1157131480500;
664, 311, 1157131480515;
664, 314, 1157131480531;
664, 319, 1157131480547;
664, 326, 1157131480562;
666, 334, 1157131480578;
667, 344, 1157131480593;
668, 354, 1157131480593;
669, 362, 1157131480609;
670, 367, 1157131480625;
670, 369, 1157131480640;
670, 369, 1157131480687;
