634, 339, 1157131498375;
633, 338, 1157131498390;
629, 336, 1157131498406;
626, 334, 1157131498422;
623, 331, 1157131498422;
618, 329, 1157131498437;
612, 328, 1157131498453;
606, 327, 1157131498468;
596, 327, 1157131498484;
589, 327, 1157131498500;
585, 330, 1157131498515;
580, 334, 1157131498515;
573, 342, 1157131498531;
567, 349, 1157131498547;
562, 356, 1157131498562;
559, 366, 1157131498578;
557, 374, 1157131498593;
557, 382, 1157131498609;
557, 390, 1157131498625;
560, 398, 1157131498625;
565, 405, 1157131498640;
570, 412, 1157131498656;
574, 416, 1157131498672;
577, 417, 1157131498687;
581, 417, 1157131498703;
586, 415, 1157131498703;
592, 408, 1157131498718;
597, 400, 1157131498734;
603, 390, 1157131498750;
608, 379, 1157131498765;
612, 368, 1157131498781;
614, 361, 1157131498797;
614, 358, 1157131498812;
614, 356, 1157131498812;
614, 354, 1157131498828;
614, 353, 1157131498843;
614, 352, 1157131498859;
614, 353, 1157131498922;
614, 354, 1157131498937;
614, 356, 1157131498953;
614, 359, 1157131498968;
615, 365, 1157131498984;
616, 372, 1157131499000;
617, 379, 1157131499000;
619, 388, 1157131499015;
621, 398, 1157131499031;
625, 407, 1157131499047;
629, 416, 1157131499062;
632, 422, 1157131499078;
632, 422, 1157131499078;
