649, 343, 1157131486468;
648, 342, 1157131486500;
646, 341, 1157131486515;
645, 340, 1157131486531;
642, 339, 1157131486547;
639, 338, 1157131486562;
633, 336, 1157131486562;
627, 335, 1157131486578;
620, 334, 1157131486593;
614, 334, 1157131486609;
606, 334, 1157131486625;
599, 336, 1157131486640;
593, 338, 1157131486656;
589, 343, 1157131486656;
586, 348, 1157131486672;
584, 355, 1157131486687;
583, 363, 1157131486703;
583, 370, 1157131486718;
583, 377, 1157131486734;
583, 381, 1157131486750;
583, 385, 1157131486765;
586, 389, 1157131486765;
588, 391, 1157131486781;
593, 393, 1157131486797;
598, 394, 1157131486812;
604, 394, 1157131486828;
608, 394, 1157131486843;
613, 391, 1157131486859;
616, 386, 1157131486859;
620, 380, 1157131486875;
624, 373, 1157131486890;
628, 367, 1157131486906;
629, 362, 1157131486922;
630, 358, 1157131486937;
630, 354, 1157131486953;
630, 352, 1157131486953;
630, 350, 1157131486968;
630, 351, 1157131487078;
630, 352, 1157131487093;
631, 354, 1157131487109;
633, 359, 1157131487125;
634, 363, 1157131487140;
636, 370, 1157131487156;
640, 379, 1157131487156;
643, 388, 1157131487172;
645, 394, 1157131487187;
647, 398, 1157131487203;
648, 402, 1157131487218;
649, 402, 1157131487234;
649, 403, 1157131487234;
649, 401, 1157131487265;
649, 401, 1157131487265;
