652, 324, 1157131504187;
650, 319, 1157131504234;
648, 316, 1157131504234;
645, 312, 1157131504250;
640, 308, 1157131504265;
634, 303, 1157131504281;
626, 298, 1157131504297;
620, 293, 1157131504312;
612, 290, 1157131504328;
605, 288, 1157131504328;
598, 287, 1157131504343;
594, 287, 1157131504359;
592, 287, 1157131504375;
589, 289, 1157131504390;
586, 295, 1157131504406;
583, 303, 1157131504422;
581, 313, 1157131504422;
581, 321, 1157131504437;
581, 331, 1157131504453;
581, 341, 1157131504468;
583, 349, 1157131504484;
586, 356, 1157131504500;
589, 362, 1157131504515;
594, 367, 1157131504531;
599, 370, 1157131504531;
605, 371, 1157131504547;
610, 371, 1157131504562;
616, 368, 1157131504578;
621, 364, 1157131504593;
626, 358, 1157131504609;
633, 350, 1157131504609;
638, 343, 1157131504625;
644, 333, 1157131504640;
649, 324, 1157131504656;
652, 317, 1157131504672;
653, 314, 1157131504687;
653, 312, 1157131504703;
653, 311, 1157131504718;
653, 309, 1157131504718;
652, 309, 1157131504750;
651, 309, 1157131504781;
651, 310, 1157131504828;
651, 312, 1157131504843;
651, 318, 1157131504859;
652, 322, 1157131504875;
654, 330, 1157131504890;
656, 339, 1157131504906;
658, 348, 1157131504906;
661, 355, 1157131504922;
661, 362, 1157131504937;
663, 366, 1157131504953;
664, 369, 1157131504968;
664, 369, 1157131504968;
