669, 322, 1157131512468;
665, 319, 1157131512547;
663, 319, 1157131512562;
660, 319, 1157131512578;
658, 318, 1157131512593;
656, 318, 1157131512609;
655, 317, 1157131512625;
652, 317, 1157131512640;
649, 317, 1157131512640;
646, 317, 1157131512656;
643, 318, 1157131512672;
639, 321, 1157131512687;
637, 323, 1157131512703;
635, 326, 1157131512718;
633, 330, 1157131512734;
633, 335, 1157131512750;
632, 341, 1157131512750;
632, 346, 1157131512765;
632, 352, 1157131512781;
632, 357, 1157131512797;
633, 362, 1157131512812;
635, 365, 1157131512828;
637, 367, 1157131512828;
641, 369, 1157131512843;
646, 370, 1157131512859;
652, 371, 1157131512875;
655, 371, 1157131512890;
659, 369, 1157131512906;
662, 367, 1157131512922;
666, 364, 1157131512922;
671, 357, 1157131512937;
676, 351, 1157131512953;
679, 344, 1157131512968;
681, 337, 1157131512984;
681, 333, 1157131513000;
681, 328, 1157131513015;
681, 323, 1157131513031;
679, 319, 1157131513031;
678, 318, 1157131513047;
677, 316, 1157131513062;
676, 316, 1157131513078;
675, 316, 1157131513093;
675, 317, 1157131513140;
675, 319, 1157131513156;
675, 323, 1157131513172;
676, 329, 1157131513187;
678, 336, 1157131513203;
680, 343, 1157131513218;
681, 350, 1157131513218;
683, 356, 1157131513234;
684, 361, 1157131513250;
686, 366, 1157131513265;
687, 370, 1157131513281;
688, 373, 1157131513297;
688, 374, 1157131513312;
688, 374, 1157131513312;
