621, 283, 1157690632172;
622, 283, 1157690632250;
621, 282, 1157690632328;
620, 281, 1157690632328;
617, 279, 1157690632343;
614, 278, 1157690632359;
611, 277, 1157690632375;
608, 275, 1157690632375;
604, 272, 1157690632390;
601, 270, 1157690632406;
596, 268, 1157690632422;
589, 267, 1157690632437;
583, 267, 1157690632437;
577, 267, 1157690632453;
573, 267, 1157690632468;
571, 267, 1157690632484;
569, 270, 1157690632500;
567, 272, 1157690632500;
565, 276, 1157690632515;
564, 282, 1157690632531;
562, 289, 1157690632547;
562, 295, 1157690632547;
562, 301, 1157690632562;
562, 305, 1157690632578;
564, 310, 1157690632593;
567, 312, 1157690632609;
570, 314, 1157690632609;
576, 315, 1157690632625;
582, 315, 1157690632640;
589, 315, 1157690632656;
596, 312, 1157690632656;
601, 309, 1157690632672;
606, 305, 1157690632687;
611, 300, 1157690632703;
616, 293, 1157690632718;
622, 284, 1157690632718;
627, 275, 1157690632734;
630, 268, 1157690632750;
630, 265, 1157690632765;
630, 263, 1157690632765;
630, 262, 1157690632781;
628, 260, 1157690632797;
627, 260, 1157690632812;
626, 259, 1157690632828;
625, 259, 1157690632828;
624, 258, 1157690632843;
623, 259, 1157690632906;
622, 263, 1157690632922;
622, 266, 1157690632937;
621, 269, 1157690632937;
621, 273, 1157690632953;
620, 278, 1157690632968;
620, 283, 1157690632984;
620, 288, 1157690633000;
620, 292, 1157690633000;
620, 296, 1157690633015;
620, 301, 1157690633031;
623, 304, 1157690633047;
626, 307, 1157690633047;
631, 309, 1157690633062;
636, 311, 1157690633078;
640, 311, 1157690633093;
642, 311, 1157690633109;
645, 311, 1157690633109;
648, 308, 1157690633125;
651, 303, 1157690633140;
655, 296, 1157690633156;
660, 288, 1157690633156;
660, 288, 1157690633187;
