665, 322, 1157690695968;
665, 321, 1157690696062;
662, 317, 1157690696093;
660, 314, 1157690696109;
655, 309, 1157690696125;
646, 301, 1157690696140;
638, 294, 1157690696156;
631, 285, 1157690696172;
623, 277, 1157690696172;
616, 271, 1157690696187;
609, 267, 1157690696203;
602, 265, 1157690696218;
596, 265, 1157690696234;
592, 265, 1157690696250;
588, 268, 1157690696250;
583, 274, 1157690696265;
580, 283, 1157690696281;
577, 294, 1157690696297;
576, 306, 1157690696312;
576, 315, 1157690696328;
576, 324, 1157690696343;
579, 334, 1157690696359;
582, 341, 1157690696359;
586, 348, 1157690696375;
592, 352, 1157690696390;
599, 355, 1157690696406;
606, 356, 1157690696422;
611, 356, 1157690696437;
616, 356, 1157690696453;
619, 354, 1157690696453;
624, 350, 1157690696468;
630, 341, 1157690696484;
638, 333, 1157690696500;
644, 324, 1157690696515;
650, 317, 1157690696531;
653, 309, 1157690696547;
655, 302, 1157690696547;
655, 297, 1157690696578;
655, 293, 1157690696578;
653, 290, 1157690696593;
651, 286, 1157690696609;
648, 285, 1157690696625;
646, 283, 1157690696640;
643, 282, 1157690696640;
642, 282, 1157690696672;
642, 283, 1157690696703;
641, 286, 1157690696718;
640, 289, 1157690696734;
639, 294, 1157690696734;
639, 301, 1157690696750;
639, 308, 1157690696765;
639, 315, 1157690696781;
639, 321, 1157690696797;
640, 327, 1157690696812;
643, 333, 1157690696828;
648, 338, 1157690696828;
653, 344, 1157690696843;
660, 349, 1157690696859;
666, 353, 1157690696875;
671, 355, 1157690696890;
681, 355, 1157690696906;
692, 347, 1157690696922;
692, 347, 1157690696922;
