607, 257, 1157131302797;
607, 255, 1157131302922;
605, 254, 1157131302937;
604, 252, 1157131302953;
601, 250, 1157131302953;
598, 247, 1157131302968;
596, 245, 1157131302984;
593, 243, 1157131303000;
590, 242, 1157131303015;
588, 241, 1157131303031;
585, 241, 1157131303047;
581, 241, 1157131303047;
576, 241, 1157131303062;
570, 242, 1157131303078;
566, 245, 1157131303093;
563, 249, 1157131303109;
560, 255, 1157131303125;
558, 262, 1157131303140;
557, 268, 1157131303156;
556, 277, 1157131303156;
555, 283, 1157131303172;
555, 290, 1157131303187;
556, 294, 1157131303203;
559, 298, 1157131303218;
562, 301, 1157131303234;
567, 303, 1157131303234;
574, 303, 1157131303250;
580, 303, 1157131303265;
587, 303, 1157131303281;
592, 301, 1157131303297;
595, 297, 1157131303312;
599, 293, 1157131303328;
602, 289, 1157131303343;
603, 287, 1157131303343;
606, 281, 1157131303359;
608, 275, 1157131303375;
610, 271, 1157131303390;
611, 266, 1157131303406;
611, 264, 1157131303422;
611, 263, 1157131303437;
611, 262, 1157131303453;
611, 263, 1157131303562;
611, 265, 1157131303593;
611, 266, 1157131303609;
611, 269, 1157131303625;
611, 272, 1157131303625;
612, 276, 1157131303640;
614, 279, 1157131303656;
616, 283, 1157131303672;
619, 289, 1157131303687;
619, 289, 1157131303687;
