650, 309, 1157690753578;
647, 306, 1157690753765;
645, 303, 1157690753781;
640, 299, 1157690753781;
631, 295, 1157690753797;
621, 289, 1157690753812;
613, 283, 1157690753828;
604, 278, 1157690753843;
594, 277, 1157690753859;
586, 277, 1157690753875;
578, 279, 1157690753875;
572, 283, 1157690753890;
567, 291, 1157690753906;
563, 302, 1157690753922;
558, 316, 1157690753937;
556, 331, 1157690753953;
555, 346, 1157690753968;
555, 362, 1157690753968;
557, 375, 1157690753984;
559, 388, 1157690754000;
564, 397, 1157690754015;
571, 403, 1157690754031;
580, 407, 1157690754047;
590, 407, 1157690754062;
598, 402, 1157690754062;
608, 392, 1157690754078;
618, 382, 1157690754093;
627, 372, 1157690754109;
635, 361, 1157690754125;
641, 350, 1157690754140;
645, 340, 1157690754156;
647, 332, 1157690754156;
648, 322, 1157690754172;
648, 313, 1157690754187;
645, 306, 1157690754203;
643, 301, 1157690754218;
639, 296, 1157690754234;
635, 294, 1157690754250;
631, 291, 1157690754250;
629, 290, 1157690754265;
626, 290, 1157690754281;
625, 290, 1157690754297;
624, 291, 1157690754328;
623, 294, 1157690754343;
622, 299, 1157690754343;
622, 307, 1157690754359;
622, 315, 1157690754375;
622, 323, 1157690754390;
624, 332, 1157690754406;
627, 340, 1157690754422;
632, 349, 1157690754437;
638, 355, 1157690754453;
644, 359, 1157690754453;
652, 363, 1157690754468;
659, 365, 1157690754484;
665, 365, 1157690754500;
676, 365, 1157690754515;
676, 365, 1157690754531;
