611, 289, 1157131324750;
609, 287, 1157131324812;
608, 287, 1157131324812;
606, 286, 1157131324828;
604, 284, 1157131324843;
602, 284, 1157131324859;
599, 284, 1157131324875;
595, 284, 1157131324890;
591, 285, 1157131324906;
587, 289, 1157131324953;
576, 311, 1157131324953;
575, 317, 1157131324968;
574, 324, 1157131324984;
574, 331, 1157131325000;
575, 336, 1157131325015;
576, 342, 1157131325015;
577, 345, 1157131325031;
579, 347, 1157131325047;
581, 350, 1157131325062;
585, 351, 1157131325078;
590, 351, 1157131325093;
593, 351, 1157131325109;
597, 351, 1157131325109;
600, 349, 1157131325125;
602, 347, 1157131325140;
604, 344, 1157131325156;
607, 341, 1157131325172;
609, 336, 1157131325187;
611, 332, 1157131325203;
612, 327, 1157131325203;
612, 324, 1157131325218;
613, 321, 1157131325234;
614, 319, 1157131325250;
614, 318, 1157131325265;
614, 316, 1157131325281;
614, 315, 1157131325297;
613, 314, 1157131325312;
612, 313, 1157131325343;
612, 314, 1157131325437;
612, 316, 1157131325453;
612, 319, 1157131325468;
613, 322, 1157131325484;
614, 327, 1157131325484;
617, 336, 1157131325500;
619, 343, 1157131325515;
622, 351, 1157131325531;
626, 358, 1157131325547;
629, 363, 1157131325562;
632, 365, 1157131325578;
633, 367, 1157131325578;
634, 367, 1157131325593;
634, 367, 1157131325672;
