617, 264, 1157131351437;
615, 264, 1157131351531;
613, 264, 1157131351547;
610, 264, 1157131351562;
607, 264, 1157131351578;
604, 264, 1157131351593;
601, 264, 1157131351609;
596, 264, 1157131351625;
590, 265, 1157131351625;
583, 267, 1157131351640;
577, 271, 1157131351656;
572, 276, 1157131351672;
570, 281, 1157131351687;
567, 286, 1157131351703;
565, 290, 1157131351718;
564, 295, 1157131351734;
564, 299, 1157131351734;
564, 303, 1157131351750;
565, 307, 1157131351765;
567, 310, 1157131351781;
569, 312, 1157131351797;
571, 313, 1157131351812;
575, 313, 1157131351828;
581, 313, 1157131351828;
587, 311, 1157131351843;
594, 305, 1157131351859;
598, 299, 1157131351875;
602, 292, 1157131351890;
604, 286, 1157131351906;
606, 282, 1157131351922;
607, 279, 1157131351922;
607, 276, 1157131351937;
608, 273, 1157131351953;
608, 272, 1157131351984;
608, 273, 1157131352093;
609, 276, 1157131352109;
610, 282, 1157131352109;
612, 288, 1157131352125;
616, 295, 1157131352140;
620, 300, 1157131352156;
626, 306, 1157131352172;
626, 306, 1157131352172;
