616, 299, 1157131361406;
616, 297, 1157131361656;
615, 297, 1157131361672;
614, 295, 1157131361687;
610, 294, 1157131361703;
607, 293, 1157131361703;
605, 292, 1157131361718;
603, 292, 1157131361734;
601, 292, 1157131361750;
599, 292, 1157131361765;
596, 293, 1157131361781;
593, 295, 1157131361797;
588, 303, 1157131361797;
583, 310, 1157131361812;
577, 321, 1157131361828;
572, 331, 1157131361843;
570, 341, 1157131361859;
570, 349, 1157131361875;
570, 355, 1157131361890;
570, 362, 1157131361890;
573, 367, 1157131361906;
581, 372, 1157131361922;
590, 374, 1157131361937;
597, 376, 1157131361953;
603, 376, 1157131361968;
609, 373, 1157131361984;
616, 366, 1157131361984;
623, 358, 1157131362000;
630, 348, 1157131362015;
635, 338, 1157131362031;
638, 329, 1157131362047;
639, 321, 1157131362062;
640, 313, 1157131362078;
640, 305, 1157131362078;
640, 300, 1157131362093;
640, 297, 1157131362109;
639, 294, 1157131362125;
638, 294, 1157131362140;
638, 293, 1157131362156;
636, 293, 1157131362172;
636, 294, 1157131362203;
636, 296, 1157131362218;
636, 299, 1157131362234;
636, 305, 1157131362250;
636, 311, 1157131362265;
638, 321, 1157131362281;
639, 333, 1157131362281;
641, 344, 1157131362297;
644, 354, 1157131362312;
647, 363, 1157131362328;
650, 372, 1157131362343;
653, 376, 1157131362359;
654, 378, 1157131362375;
655, 378, 1157131362375;
655, 378, 1157131362375;
