648, 317, 1157131370187;
646, 317, 1157131370281;
643, 316, 1157131370297;
638, 315, 1157131370312;
634, 314, 1157131370312;
630, 314, 1157131370328;
624, 314, 1157131370343;
617, 317, 1157131370359;
610, 321, 1157131370375;
602, 327, 1157131370390;
596, 332, 1157131370406;
593, 337, 1157131370406;
590, 342, 1157131370422;
588, 349, 1157131370437;
587, 356, 1157131370453;
587, 361, 1157131370468;
587, 366, 1157131370484;
589, 372, 1157131370500;
594, 376, 1157131370500;
600, 377, 1157131370515;
607, 377, 1157131370531;
612, 375, 1157131370547;
617, 371, 1157131370562;
623, 362, 1157131370578;
629, 352, 1157131370593;
636, 340, 1157131370593;
642, 330, 1157131370609;
646, 324, 1157131370625;
646, 321, 1157131370640;
647, 319, 1157131370656;
648, 316, 1157131370672;
648, 314, 1157131370687;
648, 313, 1157131370687;
648, 315, 1157131370750;
648, 318, 1157131370765;
648, 322, 1157131370781;
648, 330, 1157131370781;
649, 339, 1157131370797;
652, 351, 1157131370812;
655, 362, 1157131370828;
657, 372, 1157131370843;
661, 378, 1157131370859;
663, 382, 1157131370875;
665, 384, 1157131370875;
666, 385, 1157131370890;
666, 385, 1157131370890;
