648, 212, 1157131406765;
645, 211, 1157131406890;
642, 210, 1157131406890;
636, 208, 1157131406906;
629, 206, 1157131406922;
623, 205, 1157131406937;
616, 204, 1157131406953;
610, 204, 1157131406968;
602, 204, 1157131406984;
595, 206, 1157131407000;
590, 208, 1157131407000;
586, 212, 1157131407015;
582, 219, 1157131407031;
579, 228, 1157131407047;
576, 236, 1157131407062;
575, 247, 1157131407078;
575, 256, 1157131407078;
575, 264, 1157131407093;
578, 272, 1157131407109;
580, 277, 1157131407125;
585, 281, 1157131407140;
591, 282, 1157131407156;
599, 282, 1157131407172;
606, 282, 1157131407187;
613, 278, 1157131407187;
618, 274, 1157131407203;
623, 267, 1157131407218;
627, 261, 1157131407234;
630, 253, 1157131407250;
632, 246, 1157131407265;
633, 240, 1157131407265;
634, 236, 1157131407281;
635, 233, 1157131407297;
635, 230, 1157131407312;
635, 229, 1157131407328;
635, 228, 1157131407343;
635, 229, 1157131407468;
635, 230, 1157131407468;
635, 232, 1157131407484;
635, 235, 1157131407500;
635, 240, 1157131407515;
635, 247, 1157131407531;
638, 257, 1157131407547;
639, 268, 1157131407562;
641, 277, 1157131407562;
644, 284, 1157131407578;
646, 289, 1157131407593;
648, 291, 1157131407609;
649, 292, 1157131407625;
649, 292, 1157131407640;
