629, 284, 1157131432625;
627, 281, 1157131432625;
624, 278, 1157131432640;
621, 274, 1157131432656;
618, 270, 1157131432672;
615, 268, 1157131432687;
611, 266, 1157131432703;
607, 264, 1157131432703;
602, 264, 1157131432718;
598, 263, 1157131432734;
595, 263, 1157131432750;
593, 263, 1157131432765;
591, 264, 1157131432781;
588, 266, 1157131432797;
585, 272, 1157131432812;
582, 282, 1157131432812;
578, 292, 1157131432828;
577, 302, 1157131432843;
576, 312, 1157131432859;
576, 320, 1157131432875;
578, 327, 1157131432890;
579, 333, 1157131432906;
582, 337, 1157131432906;
586, 341, 1157131432922;
590, 343, 1157131432937;
594, 343, 1157131432953;
600, 343, 1157131432968;
609, 337, 1157131432984;
615, 331, 1157131433000;
619, 324, 1157131433000;
623, 315, 1157131433015;
625, 307, 1157131433031;
627, 301, 1157131433047;
627, 298, 1157131433062;
627, 295, 1157131433078;
627, 293, 1157131433093;
627, 292, 1157131433093;
627, 290, 1157131433109;
627, 289, 1157131433125;
627, 288, 1157131433140;
627, 289, 1157131433218;
627, 292, 1157131433234;
627, 296, 1157131433250;
627, 301, 1157131433265;
627, 306, 1157131433281;
628, 314, 1157131433281;
629, 322, 1157131433297;
630, 329, 1157131433312;
631, 335, 1157131433328;
631, 335, 1157131433328;
