633, 298, 1157131439750;
632, 297, 1157131439828;
630, 296, 1157131439843;
627, 295, 1157131439843;
624, 293, 1157131439859;
620, 292, 1157131439875;
615, 292, 1157131439890;
609, 292, 1157131439906;
602, 292, 1157131439922;
596, 292, 1157131439937;
592, 292, 1157131439953;
589, 295, 1157131439953;
585, 298, 1157131439968;
584, 300, 1157131439984;
581, 302, 1157131440000;
580, 305, 1157131440015;
579, 310, 1157131440031;
577, 316, 1157131440031;
576, 322, 1157131440047;
575, 327, 1157131440062;
575, 331, 1157131440078;
576, 333, 1157131440093;
577, 335, 1157131440109;
579, 338, 1157131440125;
582, 338, 1157131440140;
585, 338, 1157131440140;
589, 338, 1157131440156;
595, 336, 1157131440172;
601, 333, 1157131440187;
606, 329, 1157131440203;
610, 324, 1157131440218;
614, 318, 1157131440234;
617, 312, 1157131440234;
619, 305, 1157131440250;
620, 302, 1157131440265;
621, 300, 1157131440281;
621, 298, 1157131440297;
621, 297, 1157131440312;
621, 295, 1157131440328;
621, 296, 1157131440437;
622, 299, 1157131440453;
624, 304, 1157131440468;
626, 308, 1157131440484;
629, 316, 1157131440500;
632, 323, 1157131440515;
635, 329, 1157131440515;
639, 336, 1157131440531;
640, 339, 1157131440547;
642, 341, 1157131440562;
642, 342, 1157131440578;
642, 342, 1157131440625;
