420, 317, 1157142221172;
408, 349, 1157142221172;
408, 352, 1157142221187;
408, 356, 1157142221187;
409, 360, 1157142221203;
411, 365, 1157142221203;
414, 369, 1157142221218;
417, 372, 1157142221218;
421, 375, 1157142221234;
426, 377, 1157142221234;
432, 378, 1157142221250;
438, 379, 1157142221250;
444, 378, 1157142221265;
451, 376, 1157142221265;
457, 373, 1157142221281;
464, 370, 1157142221281;
470, 365, 1157142221297;
475, 361, 1157142221297;
480, 355, 1157142221312;
483, 349, 1157142221312;
486, 343, 1157142221328;
487, 337, 1157142221328;
488, 330, 1157142221343;
488, 324, 1157142221343;
486, 318, 1157142221343;
484, 313, 1157142221359;
481, 309, 1157142221359;
477, 306, 1157142221375;
472, 304, 1157142221375;
467, 303, 1157142221390;
461, 303, 1157142221390;
456, 304, 1157142221406;
450, 305, 1157142221406;
427, 315, 1157142221422;
427, 315, 1157142221422;
