475, 302, 1157142303093;
469, 297, 1157142303109;
468, 297, 1157142303109;
461, 296, 1157142303125;
460, 296, 1157142303125;
459, 297, 1157142303140;
457, 297, 1157142303140;
454, 298, 1157142303156;
452, 300, 1157142303156;
449, 302, 1157142303172;
446, 304, 1157142303172;
442, 308, 1157142303187;
439, 311, 1157142303187;
435, 316, 1157142303203;
432, 321, 1157142303203;
428, 326, 1157142303218;
426, 332, 1157142303218;
423, 337, 1157142303234;
421, 344, 1157142303234;
420, 350, 1157142303250;
418, 357, 1157142303250;
418, 363, 1157142303265;
418, 370, 1157142303265;
418, 377, 1157142303281;
419, 384, 1157142303281;
421, 390, 1157142303297;
423, 396, 1157142303297;
425, 402, 1157142303312;
429, 407, 1157142303312;
433, 413, 1157142303328;
437, 417, 1157142303328;
442, 422, 1157142303343;
447, 425, 1157142303343;
452, 428, 1157142303343;
458, 431, 1157142303359;
464, 432, 1157142303359;
470, 433, 1157142303375;
477, 433, 1157142303375;
483, 432, 1157142303390;
489, 430, 1157142303390;
495, 428, 1157142303406;
501, 425, 1157142303406;
506, 422, 1157142303422;
511, 419, 1157142303422;
515, 414, 1157142303437;
519, 409, 1157142303437;
521, 404, 1157142303453;
524, 399, 1157142303453;
526, 393, 1157142303468;
527, 387, 1157142303468;
527, 380, 1157142303484;
527, 373, 1157142303484;
527, 367, 1157142303500;
526, 360, 1157142303500;
524, 353, 1157142303515;
522, 346, 1157142303515;
519, 340, 1157142303531;
516, 334, 1157142303531;
512, 328, 1157142303547;
509, 323, 1157142303547;
504, 318, 1157142303562;
500, 313, 1157142303562;
496, 309, 1157142303578;
492, 306, 1157142303578;
488, 304, 1157142303593;
484, 302, 1157142303593;
480, 301, 1157142303609;
476, 301, 1157142303609;
473, 302, 1157142303625;
469, 304, 1157142303625;
466, 305, 1157142303640;
464, 307, 1157142303640;
462, 309, 1157142303656;
456, 317, 1157142303656;
456, 317, 1157142303656;
