453, 306, 1157142311812;
437, 332, 1157142311828;
435, 337, 1157142311828;
434, 342, 1157142311843;
433, 347, 1157142311843;
432, 353, 1157142311859;
431, 359, 1157142311859;
431, 365, 1157142311875;
431, 371, 1157142311875;
432, 376, 1157142311890;
433, 382, 1157142311890;
435, 388, 1157142311906;
436, 393, 1157142311906;
439, 399, 1157142311922;
441, 403, 1157142311922;
444, 408, 1157142311937;
447, 412, 1157142311937;
451, 416, 1157142311953;
455, 419, 1157142311953;
459, 423, 1157142311968;
463, 426, 1157142311968;
468, 428, 1157142311984;
472, 430, 1157142311984;
477, 432, 1157142312000;
482, 433, 1157142312000;
486, 434, 1157142312015;
491, 434, 1157142312015;
496, 433, 1157142312031;
500, 432, 1157142312031;
505, 429, 1157142312047;
509, 427, 1157142312047;
513, 424, 1157142312062;
517, 420, 1157142312062;
520, 416, 1157142312078;
523, 412, 1157142312078;
525, 407, 1157142312093;
527, 402, 1157142312093;
529, 396, 1157142312109;
530, 391, 1157142312109;
530, 384, 1157142312125;
530, 378, 1157142312125;
530, 371, 1157142312125;
529, 365, 1157142312140;
528, 358, 1157142312140;
526, 351, 1157142312156;
524, 345, 1157142312156;
521, 339, 1157142312172;
518, 333, 1157142312172;
514, 327, 1157142312187;
511, 322, 1157142312187;
507, 316, 1157142312203;
502, 312, 1157142312203;
498, 308, 1157142312218;
493, 304, 1157142312218;
489, 302, 1157142312234;
484, 300, 1157142312234;
479, 299, 1157142312250;
475, 298, 1157142312250;
470, 299, 1157142312265;
466, 300, 1157142312265;
462, 302, 1157142312281;
458, 305, 1157142312281;
455, 308, 1157142312297;
451, 313, 1157142312297;
449, 318, 1157142312312;
446, 323, 1157142312312;
444, 329, 1157142312328;
443, 335, 1157142312328;
439, 358, 1157142312343;
439, 358, 1157142312343;
