471, 288, 1157142318968;
448, 302, 1157142318984;
444, 306, 1157142318984;
441, 311, 1157142319000;
438, 317, 1157142319000;
435, 323, 1157142319015;
433, 330, 1157142319015;
430, 337, 1157142319031;
428, 344, 1157142319031;
426, 352, 1157142319047;
425, 360, 1157142319047;
425, 367, 1157142319062;
425, 374, 1157142319062;
426, 381, 1157142319078;
427, 388, 1157142319078;
429, 394, 1157142319093;
432, 400, 1157142319093;
436, 406, 1157142319109;
440, 410, 1157142319109;
445, 415, 1157142319125;
450, 419, 1157142319125;
455, 423, 1157142319140;
461, 426, 1157142319140;
467, 429, 1157142319156;
473, 431, 1157142319156;
479, 432, 1157142319172;
485, 433, 1157142319172;
490, 434, 1157142319187;
496, 433, 1157142319187;
501, 432, 1157142319203;
506, 429, 1157142319203;
511, 426, 1157142319218;
515, 422, 1157142319218;
520, 418, 1157142319218;
524, 413, 1157142319234;
528, 407, 1157142319234;
531, 401, 1157142319250;
534, 394, 1157142319250;
536, 387, 1157142319265;
538, 379, 1157142319265;
539, 371, 1157142319281;
539, 363, 1157142319281;
538, 354, 1157142319297;
537, 346, 1157142319297;
534, 338, 1157142319312;
531, 330, 1157142319312;
527, 322, 1157142319328;
523, 315, 1157142319328;
518, 309, 1157142319343;
512, 304, 1157142319343;
507, 299, 1157142319359;
501, 296, 1157142319359;
495, 293, 1157142319375;
489, 292, 1157142319375;
482, 291, 1157142319390;
477, 292, 1157142319390;
454, 299, 1157142319406;
454, 299, 1157142319406;
