431, 305, 1157142325359;
419, 328, 1157142325359;
419, 331, 1157142325375;
418, 335, 1157142325375;
418, 339, 1157142325390;
417, 344, 1157142325390;
417, 349, 1157142325406;
417, 355, 1157142325406;
418, 360, 1157142325422;
419, 366, 1157142325422;
421, 371, 1157142325437;
423, 377, 1157142325437;
425, 382, 1157142325453;
428, 387, 1157142325453;
431, 392, 1157142325468;
434, 397, 1157142325468;
438, 401, 1157142325468;
442, 405, 1157142325484;
446, 409, 1157142325484;
450, 412, 1157142325500;
455, 414, 1157142325500;
459, 416, 1157142325515;
464, 417, 1157142325515;
469, 418, 1157142325531;
474, 418, 1157142325531;
479, 418, 1157142325547;
484, 417, 1157142325547;
488, 415, 1157142325562;
493, 412, 1157142325562;
497, 409, 1157142325578;
502, 405, 1157142325578;
506, 401, 1157142325593;
509, 396, 1157142325593;
512, 390, 1157142325609;
515, 384, 1157142325609;
518, 377, 1157142325625;
519, 370, 1157142325625;
521, 363, 1157142325640;
521, 355, 1157142325640;
521, 347, 1157142325656;
521, 340, 1157142325656;
520, 332, 1157142325672;
518, 325, 1157142325672;
516, 318, 1157142325687;
513, 311, 1157142325687;
510, 306, 1157142325703;
506, 300, 1157142325703;
501, 295, 1157142325718;
496, 290, 1157142325718;
491, 287, 1157142325734;
485, 283, 1157142325734;
479, 281, 1157142325750;
473, 280, 1157142325750;
466, 280, 1157142325765;
460, 281, 1157142325765;
454, 284, 1157142325781;
448, 288, 1157142325781;
442, 293, 1157142325797;
437, 298, 1157142325797;
433, 305, 1157142325812;
429, 311, 1157142325812;
426, 317, 1157142325828;
424, 324, 1157142325828;
418, 348, 1157142325843;
418, 348, 1157142325843;
