416, 362, 1157142334734;
416, 397, 1157142334750;
417, 400, 1157142334750;
418, 405, 1157142334765;
420, 410, 1157142334765;
423, 415, 1157142334781;
426, 420, 1157142334781;
429, 425, 1157142334797;
434, 429, 1157142334797;
438, 433, 1157142334812;
443, 436, 1157142334812;
448, 439, 1157142334828;
453, 440, 1157142334828;
458, 441, 1157142334843;
463, 441, 1157142334843;
468, 441, 1157142334859;
473, 440, 1157142334859;
478, 438, 1157142334875;
483, 435, 1157142334875;
487, 431, 1157142334890;
491, 427, 1157142334890;
495, 422, 1157142334906;
498, 418, 1157142334906;
501, 412, 1157142334906;
503, 406, 1157142334922;
504, 400, 1157142334922;
505, 394, 1157142334937;
506, 387, 1157142334937;
506, 381, 1157142334953;
505, 374, 1157142334953;
503, 368, 1157142334968;
501, 361, 1157142334968;
499, 355, 1157142334984;
497, 349, 1157142334984;
494, 343, 1157142335000;
491, 337, 1157142335000;
487, 332, 1157142335015;
483, 328, 1157142335015;
479, 323, 1157142335031;
475, 319, 1157142335031;
471, 316, 1157142335047;
467, 314, 1157142335047;
463, 312, 1157142335062;
458, 311, 1157142335062;
454, 310, 1157142335078;
451, 311, 1157142335078;
447, 312, 1157142335093;
443, 314, 1157142335093;
439, 317, 1157142335109;
436, 322, 1157142335109;
432, 327, 1157142335125;
429, 333, 1157142335125;
426, 339, 1157142335140;
424, 346, 1157142335140;
422, 353, 1157142335156;
420, 359, 1157142335156;
419, 366, 1157142335172;
417, 373, 1157142335172;
417, 379, 1157142335187;
415, 403, 1157142335187;
415, 403, 1157142335187;
