442, 315, 1157142341828;
430, 340, 1157142341828;
429, 344, 1157142341843;
428, 349, 1157142341843;
427, 355, 1157142341859;
426, 361, 1157142341859;
426, 368, 1157142341875;
426, 376, 1157142341875;
426, 383, 1157142341890;
427, 391, 1157142341890;
429, 398, 1157142341906;
431, 406, 1157142341906;
434, 413, 1157142341922;
438, 419, 1157142341922;
442, 425, 1157142341937;
446, 430, 1157142341937;
451, 435, 1157142341953;
457, 440, 1157142341953;
462, 443, 1157142341968;
468, 445, 1157142341968;
475, 447, 1157142341984;
481, 448, 1157142341984;
487, 447, 1157142342000;
494, 446, 1157142342000;
501, 445, 1157142342015;
507, 442, 1157142342015;
513, 439, 1157142342031;
519, 434, 1157142342031;
524, 429, 1157142342047;
530, 424, 1157142342047;
534, 418, 1157142342062;
538, 411, 1157142342062;
541, 403, 1157142342078;
543, 396, 1157142342078;
545, 388, 1157142342093;
546, 379, 1157142342093;
546, 371, 1157142342109;
545, 362, 1157142342109;
543, 354, 1157142342109;
541, 345, 1157142342125;
538, 337, 1157142342125;
534, 329, 1157142342140;
529, 321, 1157142342140;
524, 314, 1157142342156;
518, 308, 1157142342156;
512, 303, 1157142342172;
506, 298, 1157142342172;
499, 293, 1157142342187;
492, 290, 1157142342187;
485, 287, 1157142342203;
478, 286, 1157142342203;
472, 286, 1157142342218;
465, 287, 1157142342218;
459, 290, 1157142342234;
453, 294, 1157142342234;
447, 300, 1157142342250;
442, 306, 1157142342250;
438, 313, 1157142342265;
434, 320, 1157142342265;
431, 327, 1157142342281;
429, 334, 1157142342281;
424, 361, 1157142342297;
424, 361, 1157142342297;
