429, 347, 1157142348703;
419, 377, 1157142348703;
419, 380, 1157142348718;
419, 384, 1157142348718;
419, 390, 1157142348734;
419, 395, 1157142348734;
420, 401, 1157142348750;
422, 407, 1157142348750;
424, 413, 1157142348765;
426, 419, 1157142348765;
430, 425, 1157142348781;
434, 430, 1157142348781;
439, 435, 1157142348797;
444, 440, 1157142348797;
450, 444, 1157142348812;
456, 448, 1157142348812;
462, 451, 1157142348828;
469, 453, 1157142348828;
476, 455, 1157142348843;
483, 456, 1157142348843;
489, 457, 1157142348859;
496, 457, 1157142348859;
502, 455, 1157142348875;
508, 453, 1157142348875;
514, 450, 1157142348890;
519, 447, 1157142348890;
524, 443, 1157142348906;
529, 438, 1157142348906;
533, 432, 1157142348922;
536, 427, 1157142348922;
539, 420, 1157142348937;
541, 414, 1157142348937;
542, 407, 1157142348953;
542, 400, 1157142348953;
542, 394, 1157142348968;
541, 387, 1157142348968;
540, 380, 1157142348984;
538, 373, 1157142348984;
536, 367, 1157142349000;
533, 360, 1157142349000;
530, 353, 1157142349000;
527, 347, 1157142349015;
523, 341, 1157142349015;
519, 335, 1157142349031;
514, 331, 1157142349031;
510, 326, 1157142349047;
506, 322, 1157142349047;
501, 319, 1157142349062;
496, 317, 1157142349062;
492, 315, 1157142349078;
487, 315, 1157142349078;
482, 315, 1157142349093;
477, 316, 1157142349093;
472, 317, 1157142349109;
468, 319, 1157142349109;
464, 322, 1157142349125;
460, 325, 1157142349125;
456, 329, 1157142349140;
452, 334, 1157142349140;
449, 338, 1157142349156;
446, 343, 1157142349156;
443, 348, 1157142349172;
441, 353, 1157142349172;
438, 358, 1157142349187;
437, 363, 1157142349187;
435, 368, 1157142349203;
431, 388, 1157142349203;
431, 388, 1157142349203;
