432, 329, 1157142356672;
423, 358, 1157142356672;
422, 362, 1157142356687;
422, 367, 1157142356687;
422, 372, 1157142356703;
423, 379, 1157142356703;
423, 386, 1157142356718;
424, 394, 1157142356718;
426, 401, 1157142356734;
428, 409, 1157142356734;
431, 416, 1157142356750;
434, 422, 1157142356750;
439, 428, 1157142356765;
443, 433, 1157142356765;
449, 438, 1157142356781;
455, 441, 1157142356781;
461, 445, 1157142356797;
467, 447, 1157142356797;
474, 449, 1157142356812;
481, 449, 1157142356812;
487, 450, 1157142356828;
494, 449, 1157142356828;
500, 447, 1157142356843;
506, 445, 1157142356843;
512, 442, 1157142356859;
517, 438, 1157142356859;
522, 434, 1157142356875;
526, 428, 1157142356875;
530, 423, 1157142356890;
533, 417, 1157142356890;
536, 409, 1157142356906;
538, 402, 1157142356906;
540, 394, 1157142356922;
541, 386, 1157142356922;
541, 378, 1157142356937;
541, 370, 1157142356937;
540, 361, 1157142356953;
539, 353, 1157142356953;
536, 344, 1157142356968;
533, 336, 1157142356968;
529, 328, 1157142356984;
525, 321, 1157142356984;
520, 314, 1157142357000;
515, 308, 1157142357000;
509, 303, 1157142357015;
503, 298, 1157142357015;
497, 295, 1157142357031;
491, 292, 1157142357031;
484, 291, 1157142357031;
477, 291, 1157142357047;
470, 292, 1157142357047;
464, 294, 1157142357062;
457, 298, 1157142357062;
451, 303, 1157142357078;
445, 309, 1157142357078;
439, 316, 1157142357093;
435, 325, 1157142357093;
431, 333, 1157142357109;
421, 368, 1157142357109;
421, 368, 1157142357109;
