584, 322, 1157691392422;
584, 320, 1157691392437;
584, 318, 1157691392453;
584, 316, 1157691392468;
584, 313, 1157691392484;
584, 311, 1157691392484;
584, 308, 1157691392500;
584, 305, 1157691392515;
584, 301, 1157691392531;
584, 297, 1157691392547;
583, 292, 1157691392562;
581, 288, 1157691392578;
579, 285, 1157691392593;
577, 283, 1157691392593;
573, 282, 1157691392609;
566, 282, 1157691392625;
558, 286, 1157691392640;
550, 291, 1157691392656;
543, 297, 1157691392672;
536, 305, 1157691392672;
531, 313, 1157691392687;
526, 322, 1157691392703;
524, 330, 1157691392718;
522, 339, 1157691392734;
521, 344, 1157691392750;
521, 351, 1157691392765;
521, 358, 1157691392765;
523, 365, 1157691392781;
527, 370, 1157691392797;
531, 374, 1157691392812;
536, 377, 1157691392828;
541, 380, 1157691392843;
546, 382, 1157691392859;
553, 382, 1157691392859;
562, 382, 1157691392875;
572, 378, 1157691392890;
580, 376, 1157691392906;
585, 372, 1157691392922;
589, 370, 1157691392937;
591, 367, 1157691392953;
592, 366, 1157691392953;
595, 363, 1157691392968;
597, 356, 1157691392984;
600, 351, 1157691393000;
602, 345, 1157691393015;
602, 340, 1157691393031;
602, 337, 1157691393047;
602, 335, 1157691393062;
601, 332, 1157691393062;
600, 329, 1157691393078;
598, 327, 1157691393093;
596, 325, 1157691393109;
595, 323, 1157691393125;
593, 321, 1157691393140;
592, 320, 1157691393156;
591, 318, 1157691393156;
590, 317, 1157691393172;
590, 316, 1157691393187;
589, 315, 1157691393203;
588, 314, 1157691393250;
588, 314, 1157691393250;
