623, 299, 1157691408422;
622, 298, 1157691408422;
620, 297, 1157691408437;
618, 296, 1157691408453;
617, 295, 1157691408468;
616, 294, 1157691408484;
613, 294, 1157691408500;
612, 294, 1157691408500;
610, 294, 1157691408515;
608, 294, 1157691408531;
604, 296, 1157691408547;
599, 301, 1157691408562;
592, 308, 1157691408578;
587, 316, 1157691408593;
584, 322, 1157691408609;
583, 327, 1157691408609;
581, 334, 1157691408625;
581, 340, 1157691408640;
581, 346, 1157691408656;
581, 352, 1157691408672;
582, 356, 1157691408687;
584, 360, 1157691408703;
586, 363, 1157691408703;
589, 366, 1157691408718;
595, 368, 1157691408734;
600, 368, 1157691408750;
606, 369, 1157691408765;
610, 369, 1157691408781;
614, 369, 1157691408797;
618, 367, 1157691408797;
621, 363, 1157691408812;
625, 360, 1157691408828;
629, 354, 1157691408843;
632, 348, 1157691408859;
635, 341, 1157691408875;
638, 333, 1157691408890;
640, 328, 1157691408906;
641, 323, 1157691408906;
641, 319, 1157691408922;
641, 315, 1157691408937;
641, 311, 1157691408953;
639, 308, 1157691408968;
636, 304, 1157691408984;
635, 302, 1157691408984;
632, 300, 1157691409000;
631, 298, 1157691409015;
630, 297, 1157691409031;
629, 295, 1157691409047;
628, 295, 1157691409062;
627, 295, 1157691409078;
626, 294, 1157691409078;
624, 294, 1157691409093;
623, 294, 1157691409125;
621, 296, 1157691409172;
621, 298, 1157691409187;
621, 300, 1157691409203;
621, 303, 1157691409218;
621, 305, 1157691409234;
621, 307, 1157691409250;
621, 308, 1157691409265;
622, 309, 1157691409281;
622, 310, 1157691409281;
624, 310, 1157691409297;
626, 310, 1157691409312;
630, 310, 1157691409328;
637, 310, 1157691409343;
642, 309, 1157691409359;
647, 306, 1157691409375;
650, 303, 1157691409390;
655, 299, 1157691409390;
660, 294, 1157691409406;
665, 289, 1157691409422;
671, 282, 1157691409437;
671, 282, 1157691409437;
