465, 309, 1157142234125;
441, 297, 1157142234125;
437, 298, 1157142234140;
432, 298, 1157142234140;
427, 300, 1157142234156;
422, 302, 1157142234156;
416, 305, 1157142234172;
411, 308, 1157142234172;
407, 313, 1157142234187;
403, 318, 1157142234187;
399, 323, 1157142234203;
396, 329, 1157142234203;
394, 335, 1157142234218;
393, 341, 1157142234218;
393, 347, 1157142234234;
394, 352, 1157142234234;
395, 358, 1157142234250;
398, 364, 1157142234250;
401, 368, 1157142234265;
405, 373, 1157142234265;
409, 376, 1157142234281;
414, 379, 1157142234281;
419, 382, 1157142234297;
425, 384, 1157142234297;
431, 385, 1157142234312;
437, 385, 1157142234312;
443, 384, 1157142234328;
449, 382, 1157142234328;
454, 380, 1157142234343;
460, 377, 1157142234343;
465, 372, 1157142234359;
469, 367, 1157142234359;
473, 363, 1157142234375;
477, 358, 1157142234375;
479, 352, 1157142234375;
481, 346, 1157142234390;
482, 341, 1157142234390;
482, 335, 1157142234406;
481, 330, 1157142234406;
479, 324, 1157142234422;
477, 318, 1157142234422;
473, 313, 1157142234437;
469, 308, 1157142234437;
465, 304, 1157142234453;
461, 300, 1157142234453;
456, 298, 1157142234468;
452, 296, 1157142234468;
447, 295, 1157142234484;
442, 294, 1157142234484;
437, 295, 1157142234500;
433, 296, 1157142234500;
429, 298, 1157142234515;
414, 311, 1157142234515;
414, 311, 1157142234515;
