620, 305, 1157691418297;
620, 304, 1157691418312;
620, 302, 1157691418328;
619, 299, 1157691418343;
617, 297, 1157691418359;
616, 295, 1157691418375;
613, 292, 1157691418375;
610, 289, 1157691418390;
607, 287, 1157691418406;
603, 287, 1157691418422;
601, 287, 1157691418437;
599, 287, 1157691418453;
595, 289, 1157691418468;
590, 294, 1157691418468;
583, 303, 1157691418484;
578, 311, 1157691418500;
574, 320, 1157691418515;
572, 331, 1157691418531;
572, 339, 1157691418547;
572, 345, 1157691418562;
573, 351, 1157691418562;
577, 356, 1157691418578;
582, 361, 1157691418593;
588, 364, 1157691418609;
593, 367, 1157691418625;
598, 368, 1157691418640;
604, 368, 1157691418656;
611, 365, 1157691418656;
619, 361, 1157691418672;
628, 356, 1157691418687;
633, 350, 1157691418703;
638, 344, 1157691418718;
640, 338, 1157691418734;
642, 331, 1157691418750;
642, 323, 1157691418750;
642, 316, 1157691418765;
642, 308, 1157691418781;
642, 303, 1157691418797;
641, 298, 1157691418812;
638, 294, 1157691418828;
635, 290, 1157691418843;
633, 288, 1157691418843;
630, 286, 1157691418859;
627, 285, 1157691418875;
624, 285, 1157691418890;
622, 284, 1157691418906;
621, 284, 1157691418922;
620, 284, 1157691418937;
618, 284, 1157691418937;
617, 284, 1157691418968;
616, 284, 1157691418984;
615, 284, 1157691419000;
614, 286, 1157691419015;
613, 288, 1157691419031;
613, 291, 1157691419031;
613, 293, 1157691419047;
613, 296, 1157691419062;
613, 298, 1157691419078;
614, 300, 1157691419093;
615, 303, 1157691419109;
620, 305, 1157691419125;
627, 306, 1157691419125;
635, 306, 1157691419140;
642, 303, 1157691419156;
650, 299, 1157691419172;
659, 294, 1157691419187;
666, 288, 1157691419203;
666, 288, 1157691419203;
