418, 316, 1157142244984;
416, 340, 1157142244984;
417, 342, 1157142245000;
417, 345, 1157142245000;
419, 350, 1157142245015;
420, 354, 1157142245015;
422, 358, 1157142245031;
424, 363, 1157142245031;
426, 367, 1157142245047;
429, 371, 1157142245047;
432, 375, 1157142245047;
436, 378, 1157142245062;
439, 381, 1157142245062;
443, 383, 1157142245078;
447, 385, 1157142245078;
451, 386, 1157142245093;
455, 386, 1157142245093;
459, 385, 1157142245109;
463, 384, 1157142245109;
466, 382, 1157142245125;
470, 379, 1157142245125;
473, 376, 1157142245140;
476, 372, 1157142245140;
479, 367, 1157142245156;
481, 363, 1157142245156;
483, 357, 1157142245172;
485, 352, 1157142245172;
486, 346, 1157142245187;
487, 340, 1157142245187;
487, 335, 1157142245203;
486, 329, 1157142245203;
486, 324, 1157142245218;
484, 319, 1157142245218;
483, 315, 1157142245234;
481, 310, 1157142245234;
478, 306, 1157142245250;
476, 303, 1157142245250;
473, 299, 1157142245265;
470, 297, 1157142245265;
467, 294, 1157142245281;
464, 293, 1157142245281;
461, 291, 1157142245297;
458, 290, 1157142245297;
455, 290, 1157142245312;
452, 290, 1157142245312;
448, 291, 1157142245328;
445, 292, 1157142245328;
442, 295, 1157142245343;
439, 298, 1157142245343;
436, 302, 1157142245359;
434, 306, 1157142245359;
431, 310, 1157142245375;
429, 315, 1157142245375;
427, 320, 1157142245390;
426, 325, 1157142245390;
425, 330, 1157142245406;
424, 335, 1157142245406;
423, 340, 1157142245406;
423, 345, 1157142245422;
423, 350, 1157142245422;
422, 355, 1157142245437;
422, 359, 1157142245437;
422, 363, 1157142245453;
422, 366, 1157142245453;
423, 377, 1157142245468;
423, 377, 1157142245468;
