448, 297, 1157142251640;
421, 307, 1157142251640;
418, 310, 1157142251656;
415, 314, 1157142251656;
413, 318, 1157142251672;
411, 322, 1157142251672;
409, 327, 1157142251687;
408, 332, 1157142251687;
407, 338, 1157142251703;
407, 343, 1157142251703;
407, 349, 1157142251718;
407, 355, 1157142251718;
408, 360, 1157142251734;
409, 365, 1157142251734;
411, 370, 1157142251750;
413, 374, 1157142251750;
415, 378, 1157142251765;
418, 382, 1157142251765;
421, 385, 1157142251781;
425, 387, 1157142251781;
428, 390, 1157142251797;
432, 392, 1157142251797;
436, 393, 1157142251797;
440, 394, 1157142251812;
444, 394, 1157142251812;
448, 394, 1157142251828;
452, 394, 1157142251828;
455, 393, 1157142251843;
459, 391, 1157142251843;
462, 389, 1157142251859;
465, 387, 1157142251859;
468, 384, 1157142251875;
470, 380, 1157142251875;
472, 376, 1157142251890;
474, 371, 1157142251890;
476, 366, 1157142251906;
477, 361, 1157142251906;
478, 355, 1157142251922;
479, 349, 1157142251922;
479, 343, 1157142251937;
479, 337, 1157142251937;
478, 330, 1157142251953;
477, 324, 1157142251953;
476, 318, 1157142251968;
474, 312, 1157142251968;
471, 307, 1157142251984;
468, 302, 1157142251984;
465, 298, 1157142252000;
462, 295, 1157142252000;
459, 293, 1157142252015;
455, 291, 1157142252015;
451, 291, 1157142252031;
446, 291, 1157142252031;
442, 293, 1157142252047;
438, 295, 1157142252047;
435, 298, 1157142252062;
431, 302, 1157142252062;
429, 305, 1157142252078;
427, 309, 1157142252078;
422, 324, 1157142252093;
422, 324, 1157142252093;
