445, 294, 1157142257703;
430, 321, 1157142257718;
428, 327, 1157142257718;
425, 333, 1157142257734;
423, 339, 1157142257734;
421, 346, 1157142257750;
419, 352, 1157142257750;
418, 359, 1157142257765;
417, 365, 1157142257765;
416, 371, 1157142257781;
416, 376, 1157142257781;
416, 381, 1157142257797;
417, 386, 1157142257797;
418, 391, 1157142257812;
420, 395, 1157142257812;
422, 398, 1157142257828;
425, 402, 1157142257828;
428, 404, 1157142257843;
431, 406, 1157142257843;
435, 408, 1157142257843;
439, 409, 1157142257859;
443, 409, 1157142257859;
447, 409, 1157142257875;
452, 409, 1157142257875;
457, 408, 1157142257890;
461, 406, 1157142257890;
466, 403, 1157142257906;
471, 400, 1157142257906;
475, 396, 1157142257922;
479, 392, 1157142257922;
482, 387, 1157142257937;
485, 382, 1157142257937;
487, 376, 1157142257953;
489, 370, 1157142257953;
490, 364, 1157142257968;
489, 357, 1157142257968;
489, 349, 1157142257984;
487, 342, 1157142257984;
485, 335, 1157142258000;
482, 328, 1157142258000;
478, 321, 1157142258015;
474, 315, 1157142258015;
470, 310, 1157142258031;
466, 306, 1157142258031;
460, 303, 1157142258047;
455, 300, 1157142258047;
449, 299, 1157142258062;
444, 299, 1157142258062;
438, 301, 1157142258078;
432, 303, 1157142258078;
427, 307, 1157142258093;
423, 311, 1157142258093;
419, 315, 1157142258109;
416, 320, 1157142258109;
408, 340, 1157142258125;
408, 340, 1157142258125;
