437, 342, 1157142268656;
432, 365, 1157142268656;
432, 367, 1157142268672;
433, 370, 1157142268672;
433, 374, 1157142268687;
435, 378, 1157142268687;
436, 382, 1157142268703;
438, 387, 1157142268703;
440, 390, 1157142268718;
443, 394, 1157142268718;
445, 397, 1157142268734;
449, 400, 1157142268734;
453, 403, 1157142268750;
457, 405, 1157142268750;
461, 406, 1157142268765;
466, 407, 1157142268765;
470, 407, 1157142268781;
475, 407, 1157142268781;
480, 406, 1157142268797;
484, 405, 1157142268797;
489, 403, 1157142268812;
493, 400, 1157142268812;
497, 397, 1157142268828;
500, 394, 1157142268828;
503, 390, 1157142268843;
506, 386, 1157142268843;
508, 382, 1157142268859;
510, 377, 1157142268859;
511, 372, 1157142268875;
511, 367, 1157142268875;
511, 362, 1157142268890;
511, 357, 1157142268890;
509, 352, 1157142268906;
508, 347, 1157142268906;
506, 342, 1157142268922;
504, 338, 1157142268922;
501, 333, 1157142268937;
498, 329, 1157142268937;
495, 326, 1157142268953;
492, 323, 1157142268953;
488, 319, 1157142268968;
485, 317, 1157142268968;
481, 315, 1157142268984;
477, 313, 1157142268984;
473, 312, 1157142269000;
469, 312, 1157142269000;
465, 312, 1157142269015;
462, 313, 1157142269015;
458, 314, 1157142269015;
454, 316, 1157142269031;
451, 318, 1157142269031;
448, 321, 1157142269047;
445, 324, 1157142269047;
443, 328, 1157142269062;
440, 333, 1157142269062;
439, 338, 1157142269078;
437, 343, 1157142269078;
435, 349, 1157142269093;
434, 355, 1157142269093;
430, 378, 1157142269109;
430, 378, 1157142269109;
