459, 309, 1157142279797;
436, 304, 1157142279797;
432, 305, 1157142279812;
429, 306, 1157142279812;
426, 307, 1157142279828;
422, 310, 1157142279828;
419, 312, 1157142279843;
415, 315, 1157142279843;
412, 318, 1157142279859;
410, 322, 1157142279859;
407, 327, 1157142279875;
405, 332, 1157142279875;
403, 337, 1157142279890;
402, 342, 1157142279890;
401, 348, 1157142279906;
400, 354, 1157142279906;
400, 360, 1157142279906;
401, 366, 1157142279922;
402, 372, 1157142279922;
403, 378, 1157142279937;
405, 384, 1157142279937;
407, 390, 1157142279953;
410, 396, 1157142279953;
413, 401, 1157142279968;
416, 406, 1157142279968;
419, 411, 1157142279984;
423, 415, 1157142279984;
426, 418, 1157142280000;
430, 421, 1157142280000;
434, 423, 1157142280015;
438, 425, 1157142280015;
442, 426, 1157142280031;
445, 427, 1157142280031;
449, 427, 1157142280047;
453, 426, 1157142280047;
457, 425, 1157142280062;
461, 424, 1157142280062;
464, 421, 1157142280078;
468, 419, 1157142280078;
471, 415, 1157142280093;
474, 412, 1157142280093;
477, 407, 1157142280109;
479, 402, 1157142280109;
482, 397, 1157142280125;
484, 393, 1157142280125;
486, 387, 1157142280140;
487, 382, 1157142280140;
488, 376, 1157142280156;
489, 371, 1157142280156;
489, 366, 1157142280172;
489, 361, 1157142280172;
489, 355, 1157142280187;
489, 350, 1157142280187;
488, 345, 1157142280203;
486, 340, 1157142280203;
485, 335, 1157142280218;
483, 331, 1157142280218;
480, 327, 1157142280234;
478, 323, 1157142280234;
475, 319, 1157142280250;
472, 316, 1157142280250;
469, 312, 1157142280265;
466, 310, 1157142280265;
463, 307, 1157142280265;
460, 305, 1157142280281;
457, 303, 1157142280281;
454, 301, 1157142280297;
451, 301, 1157142280297;
447, 300, 1157142280312;
444, 301, 1157142280312;
441, 301, 1157142280328;
438, 303, 1157142280328;
434, 304, 1157142280343;
432, 307, 1157142280343;
429, 309, 1157142280359;
420, 320, 1157142280359;
420, 320, 1157142280359;
