469, 314, 1157142287328;
444, 308, 1157142287328;
440, 308, 1157142287343;
436, 309, 1157142287343;
432, 311, 1157142287359;
428, 313, 1157142287359;
423, 315, 1157142287375;
419, 318, 1157142287375;
414, 322, 1157142287390;
409, 327, 1157142287390;
405, 332, 1157142287406;
402, 337, 1157142287406;
398, 344, 1157142287422;
395, 350, 1157142287422;
393, 356, 1157142287437;
391, 363, 1157142287437;
390, 370, 1157142287453;
389, 377, 1157142287453;
389, 383, 1157142287468;
390, 390, 1157142287468;
391, 396, 1157142287484;
393, 402, 1157142287484;
395, 407, 1157142287500;
398, 412, 1157142287500;
401, 417, 1157142287515;
404, 422, 1157142287515;
408, 426, 1157142287515;
412, 429, 1157142287531;
416, 432, 1157142287531;
420, 435, 1157142287547;
425, 438, 1157142287547;
429, 439, 1157142287562;
434, 440, 1157142287562;
439, 441, 1157142287578;
444, 441, 1157142287578;
449, 441, 1157142287593;
454, 440, 1157142287593;
459, 439, 1157142287609;
463, 437, 1157142287609;
467, 435, 1157142287625;
472, 431, 1157142287625;
476, 428, 1157142287640;
480, 424, 1157142287640;
483, 420, 1157142287656;
487, 415, 1157142287656;
490, 410, 1157142287672;
493, 405, 1157142287672;
495, 399, 1157142287687;
497, 394, 1157142287687;
499, 389, 1157142287703;
500, 383, 1157142287703;
501, 377, 1157142287718;
502, 372, 1157142287718;
502, 366, 1157142287734;
502, 361, 1157142287734;
502, 355, 1157142287750;
501, 349, 1157142287750;
500, 344, 1157142287765;
499, 339, 1157142287765;
497, 334, 1157142287781;
495, 329, 1157142287781;
493, 324, 1157142287797;
491, 320, 1157142287797;
489, 316, 1157142287812;
486, 313, 1157142287812;
484, 310, 1157142287828;
481, 307, 1157142287828;
478, 306, 1157142287843;
475, 304, 1157142287843;
472, 303, 1157142287859;
469, 303, 1157142287859;
467, 303, 1157142287875;
464, 304, 1157142287875;
453, 308, 1157142287890;
453, 308, 1157142287890;
