413, 377, 1157142293656;
424, 401, 1157142293656;
425, 403, 1157142293672;
428, 406, 1157142293672;
431, 409, 1157142293687;
434, 412, 1157142293687;
438, 415, 1157142293703;
442, 418, 1157142293703;
447, 421, 1157142293718;
452, 423, 1157142293718;
457, 424, 1157142293734;
462, 426, 1157142293734;
467, 427, 1157142293750;
473, 427, 1157142293750;
478, 426, 1157142293765;
483, 425, 1157142293765;
488, 424, 1157142293781;
493, 422, 1157142293781;
497, 420, 1157142293797;
502, 418, 1157142293797;
506, 415, 1157142293812;
510, 411, 1157142293812;
513, 406, 1157142293828;
516, 402, 1157142293828;
519, 396, 1157142293843;
521, 391, 1157142293843;
523, 385, 1157142293859;
524, 379, 1157142293859;
525, 372, 1157142293875;
525, 366, 1157142293875;
525, 360, 1157142293890;
525, 353, 1157142293890;
524, 347, 1157142293906;
522, 341, 1157142293906;
520, 335, 1157142293922;
517, 329, 1157142293922;
514, 323, 1157142293937;
511, 318, 1157142293937;
508, 313, 1157142293953;
504, 308, 1157142293953;
500, 304, 1157142293968;
495, 301, 1157142293968;
490, 298, 1157142293984;
486, 296, 1157142293984;
481, 294, 1157142294000;
476, 293, 1157142294000;
471, 293, 1157142294000;
466, 293, 1157142294015;
460, 294, 1157142294015;
455, 296, 1157142294031;
450, 299, 1157142294031;
445, 302, 1157142294047;
440, 306, 1157142294047;
436, 310, 1157142294062;
432, 314, 1157142294062;
428, 319, 1157142294078;
424, 325, 1157142294078;
421, 331, 1157142294093;
419, 338, 1157142294093;
416, 344, 1157142294109;
414, 352, 1157142294109;
413, 359, 1157142294125;
412, 366, 1157142294125;
411, 373, 1157142294140;
411, 380, 1157142294140;
413, 406, 1157142294156;
413, 406, 1157142294156;
