638, 237, 1157131772078;
638, 239, 1157131772125;
637, 242, 1157131772140;
637, 247, 1157131772156;
635, 255, 1157131772172;
634, 269, 1157131772172;
633, 281, 1157131772187;
632, 294, 1157131772203;
632, 307, 1157131772218;
632, 318, 1157131772234;
632, 326, 1157131772250;
632, 331, 1157131772265;
632, 334, 1157131772265;
632, 335, 1157131772281;
632, 333, 1157131772359;
632, 332, 1157131772375;
631, 331, 1157131772390;
628, 327, 1157131772406;
626, 324, 1157131772422;
623, 320, 1157131772437;
620, 316, 1157131772453;
616, 311, 1157131772453;
615, 309, 1157131772468;
613, 306, 1157131772484;
611, 304, 1157131772500;
609, 303, 1157131772515;
607, 303, 1157131772531;
605, 303, 1157131772547;
602, 304, 1157131772547;
599, 306, 1157131772562;
595, 310, 1157131772578;
592, 316, 1157131772593;
591, 322, 1157131772609;
589, 329, 1157131772625;
589, 337, 1157131772640;
589, 344, 1157131772640;
591, 352, 1157131772656;
593, 357, 1157131772672;
597, 360, 1157131772687;
600, 363, 1157131772703;
605, 364, 1157131772718;
609, 364, 1157131772734;
613, 364, 1157131772734;
616, 364, 1157131772750;
619, 363, 1157131772765;
621, 362, 1157131772781;
623, 361, 1157131772797;
623, 361, 1157131772828;
