640, 278, 1157131849422;
640, 279, 1157131849484;
640, 281, 1157131849500;
640, 285, 1157131849515;
640, 289, 1157131849515;
640, 296, 1157131849531;
640, 304, 1157131849547;
640, 314, 1157131849562;
640, 325, 1157131849578;
640, 334, 1157131849593;
640, 338, 1157131849609;
640, 341, 1157131849609;
640, 342, 1157131849625;
640, 340, 1157131849687;
640, 337, 1157131849703;
639, 335, 1157131849703;
637, 332, 1157131849718;
635, 326, 1157131849734;
633, 322, 1157131849750;
630, 318, 1157131849765;
627, 317, 1157131849781;
622, 317, 1157131849797;
618, 317, 1157131849797;
615, 318, 1157131849812;
613, 320, 1157131849828;
610, 323, 1157131849843;
607, 330, 1157131849859;
605, 337, 1157131849875;
604, 345, 1157131849890;
604, 351, 1157131849890;
604, 355, 1157131849906;
605, 358, 1157131849922;
610, 362, 1157131849937;
615, 365, 1157131849953;
620, 366, 1157131849968;
626, 367, 1157131849984;
630, 367, 1157131849984;
634, 365, 1157131850000;
638, 362, 1157131850015;
641, 359, 1157131850031;
641, 356, 1157131850047;
642, 356, 1157131850062;
642, 355, 1157131850078;
642, 354, 1157131850093;
642, 354, 1157131850125;
