657, 273, 1157131856062;
656, 273, 1157131856156;
656, 275, 1157131856187;
656, 279, 1157131856203;
656, 283, 1157131856218;
656, 291, 1157131856234;
656, 301, 1157131856250;
656, 311, 1157131856250;
657, 321, 1157131856265;
657, 330, 1157131856281;
657, 339, 1157131856297;
657, 346, 1157131856312;
657, 352, 1157131856328;
657, 356, 1157131856343;
657, 357, 1157131856343;
657, 358, 1157131856359;
657, 357, 1157131856422;
656, 356, 1157131856437;
654, 353, 1157131856437;
653, 350, 1157131856453;
651, 346, 1157131856468;
649, 342, 1157131856484;
648, 338, 1157131856500;
647, 336, 1157131856515;
646, 334, 1157131856531;
645, 334, 1157131856531;
644, 334, 1157131856547;
643, 334, 1157131856562;
640, 336, 1157131856578;
636, 340, 1157131856593;
634, 342, 1157131856609;
632, 344, 1157131856625;
631, 347, 1157131856625;
631, 349, 1157131856640;
631, 352, 1157131856656;
631, 355, 1157131856672;
631, 357, 1157131856687;
633, 359, 1157131856703;
635, 361, 1157131856718;
637, 364, 1157131856718;
640, 365, 1157131856734;
642, 366, 1157131856750;
644, 366, 1157131856765;
646, 366, 1157131856781;
649, 364, 1157131856797;
652, 362, 1157131856812;
654, 360, 1157131856812;
655, 359, 1157131856828;
656, 358, 1157131856843;
656, 358, 1157131856922;
