661, 232, 1157131863359;
661, 234, 1157131863484;
661, 240, 1157131863500;
661, 248, 1157131863500;
661, 256, 1157131863515;
661, 265, 1157131863531;
661, 274, 1157131863547;
661, 284, 1157131863562;
661, 294, 1157131863578;
661, 306, 1157131863593;
661, 315, 1157131863593;
661, 321, 1157131863609;
661, 324, 1157131863625;
661, 325, 1157131863640;
660, 319, 1157131863687;
659, 316, 1157131863703;
658, 312, 1157131863718;
656, 306, 1157131863734;
655, 301, 1157131863750;
653, 295, 1157131863765;
651, 291, 1157131863781;
648, 289, 1157131863781;
645, 288, 1157131863797;
642, 288, 1157131863812;
639, 290, 1157131863828;
635, 294, 1157131863843;
630, 301, 1157131863859;
627, 308, 1157131863875;
625, 315, 1157131863890;
624, 321, 1157131863890;
624, 326, 1157131863906;
624, 330, 1157131863922;
625, 336, 1157131863937;
627, 341, 1157131863953;
631, 343, 1157131863968;
635, 345, 1157131863968;
640, 346, 1157131863984;
645, 346, 1157131864000;
649, 346, 1157131864015;
652, 344, 1157131864031;
655, 342, 1157131864047;
657, 339, 1157131864062;
658, 338, 1157131864062;
658, 337, 1157131864078;
658, 337, 1157131864109;
