645, 274, 1157131869093;
645, 275, 1157131869109;
645, 277, 1157131869125;
645, 278, 1157131869140;
645, 280, 1157131869156;
646, 283, 1157131869156;
646, 289, 1157131869172;
646, 295, 1157131869187;
646, 302, 1157131869203;
646, 313, 1157131869218;
646, 323, 1157131869234;
646, 334, 1157131869250;
646, 343, 1157131869250;
646, 350, 1157131869265;
646, 354, 1157131869281;
646, 356, 1157131869297;
646, 357, 1157131869312;
646, 356, 1157131869343;
646, 355, 1157131869359;
646, 353, 1157131869375;
645, 350, 1157131869390;
643, 345, 1157131869406;
641, 339, 1157131869422;
639, 333, 1157131869437;
635, 329, 1157131869437;
633, 326, 1157131869453;
628, 325, 1157131869468;
625, 325, 1157131869484;
622, 325, 1157131869500;
619, 327, 1157131869515;
617, 330, 1157131869531;
613, 338, 1157131869531;
611, 345, 1157131869547;
610, 350, 1157131869562;
609, 356, 1157131869578;
609, 360, 1157131869593;
610, 365, 1157131869609;
613, 368, 1157131869625;
616, 369, 1157131869625;
622, 371, 1157131869640;
627, 371, 1157131869656;
633, 371, 1157131869672;
637, 371, 1157131869687;
640, 371, 1157131869703;
642, 369, 1157131869718;
644, 367, 1157131869718;
646, 365, 1157131869734;
646, 364, 1157131869750;
646, 363, 1157131869765;
646, 363, 1157131869828;
