620, 289, 1157131874843;
621, 289, 1157131874875;
621, 290, 1157131874875;
621, 291, 1157131874890;
621, 292, 1157131874906;
621, 295, 1157131874922;
622, 298, 1157131874937;
622, 302, 1157131874953;
622, 307, 1157131874968;
622, 313, 1157131874984;
622, 319, 1157131874984;
622, 328, 1157131875000;
622, 333, 1157131875015;
622, 337, 1157131875031;
622, 340, 1157131875047;
622, 341, 1157131875062;
622, 342, 1157131875062;
622, 343, 1157131875078;
622, 341, 1157131875140;
622, 339, 1157131875156;
620, 336, 1157131875156;
618, 331, 1157131875172;
616, 327, 1157131875187;
614, 321, 1157131875203;
611, 319, 1157131875218;
608, 317, 1157131875234;
605, 317, 1157131875250;
602, 317, 1157131875265;
599, 318, 1157131875265;
597, 320, 1157131875281;
595, 325, 1157131875297;
592, 332, 1157131875312;
590, 338, 1157131875328;
589, 343, 1157131875343;
589, 347, 1157131875359;
589, 353, 1157131875359;
590, 357, 1157131875375;
593, 361, 1157131875390;
595, 363, 1157131875406;
601, 364, 1157131875422;
605, 365, 1157131875437;
611, 365, 1157131875453;
614, 364, 1157131875453;
617, 361, 1157131875468;
621, 356, 1157131875484;
623, 351, 1157131875500;
626, 343, 1157131875515;
627, 338, 1157131875531;
628, 336, 1157131875547;
628, 334, 1157131875547;
628, 334, 1157131875578;
