622, 265, 1157131881281;
622, 266, 1157131881297;
622, 269, 1157131881312;
622, 274, 1157131881312;
622, 280, 1157131881328;
622, 288, 1157131881343;
622, 299, 1157131881359;
622, 310, 1157131881375;
622, 322, 1157131881390;
622, 332, 1157131881390;
622, 341, 1157131881406;
622, 346, 1157131881422;
622, 349, 1157131881437;
622, 350, 1157131881453;
622, 348, 1157131881515;
621, 345, 1157131881531;
621, 343, 1157131881547;
619, 341, 1157131881562;
617, 337, 1157131881578;
615, 334, 1157131881593;
612, 331, 1157131881593;
609, 328, 1157131881609;
606, 327, 1157131881625;
603, 326, 1157131881640;
600, 326, 1157131881656;
597, 326, 1157131881672;
596, 326, 1157131881687;
595, 327, 1157131881687;
592, 330, 1157131881703;
588, 335, 1157131881718;
586, 342, 1157131881734;
586, 346, 1157131881750;
586, 351, 1157131881765;
586, 353, 1157131881781;
587, 356, 1157131881781;
589, 358, 1157131881797;
593, 360, 1157131881812;
596, 360, 1157131881828;
600, 360, 1157131881843;
605, 360, 1157131881859;
608, 360, 1157131881875;
610, 360, 1157131881875;
613, 359, 1157131881890;
615, 357, 1157131881906;
617, 354, 1157131881922;
619, 352, 1157131881937;
619, 351, 1157131881953;
620, 350, 1157131881968;
621, 349, 1157131881968;
621, 348, 1157131882031;
621, 348, 1157131882031;
