637, 251, 1157131887609;
637, 252, 1157131887640;
637, 254, 1157131887656;
637, 257, 1157131887672;
637, 258, 1157131887672;
637, 259, 1157131887687;
637, 260, 1157131887718;
637, 262, 1157131887750;
637, 264, 1157131887765;
637, 265, 1157131887781;
637, 267, 1157131887812;
637, 268, 1157131887828;
637, 270, 1157131887843;
637, 274, 1157131887859;
637, 279, 1157131887859;
637, 285, 1157131887875;
637, 293, 1157131887890;
637, 302, 1157131887906;
637, 313, 1157131887922;
637, 324, 1157131887937;
637, 332, 1157131887953;
637, 336, 1157131887953;
637, 337, 1157131887968;
637, 338, 1157131887984;
637, 337, 1157131888078;
637, 336, 1157131888093;
636, 334, 1157131888109;
634, 331, 1157131888125;
631, 326, 1157131888140;
627, 320, 1157131888156;
622, 316, 1157131888156;
619, 312, 1157131888172;
614, 309, 1157131888187;
612, 308, 1157131888203;
610, 308, 1157131888218;
608, 308, 1157131888234;
604, 310, 1157131888250;
600, 316, 1157131888250;
594, 322, 1157131888265;
591, 327, 1157131888281;
591, 329, 1157131888297;
591, 331, 1157131888312;
592, 335, 1157131888328;
595, 339, 1157131888343;
597, 341, 1157131888343;
599, 343, 1157131888359;
602, 344, 1157131888375;
604, 345, 1157131888390;
606, 345, 1157131888406;
609, 345, 1157131888422;
613, 345, 1157131888437;
616, 345, 1157131888437;
619, 344, 1157131888453;
623, 342, 1157131888468;
627, 339, 1157131888484;
628, 338, 1157131888500;
630, 336, 1157131888515;
630, 335, 1157131888531;
630, 335, 1157131888578;
