635, 276, 1157131893906;
636, 279, 1157131893922;
636, 283, 1157131893937;
636, 287, 1157131893953;
636, 292, 1157131893968;
636, 296, 1157131893984;
636, 304, 1157131894000;
636, 310, 1157131894015;
636, 318, 1157131894015;
634, 327, 1157131894031;
634, 333, 1157131894047;
633, 338, 1157131894062;
632, 341, 1157131894078;
631, 342, 1157131894093;
631, 343, 1157131894093;
630, 343, 1157131894125;
630, 342, 1157131894187;
630, 341, 1157131894203;
629, 339, 1157131894203;
627, 338, 1157131894218;
627, 336, 1157131894234;
625, 333, 1157131894250;
624, 331, 1157131894265;
621, 330, 1157131894281;
619, 329, 1157131894281;
616, 329, 1157131894297;
615, 329, 1157131894312;
614, 329, 1157131894328;
613, 330, 1157131894343;
611, 332, 1157131894359;
610, 335, 1157131894375;
609, 337, 1157131894390;
609, 340, 1157131894390;
609, 342, 1157131894406;
609, 343, 1157131894422;
609, 344, 1157131894437;
610, 346, 1157131894453;
612, 346, 1157131894468;
614, 347, 1157131894484;
618, 348, 1157131894484;
623, 348, 1157131894500;
625, 348, 1157131894515;
627, 348, 1157131894531;
627, 347, 1157131894547;
628, 346, 1157131894562;
629, 346, 1157131894578;
629, 346, 1157131894640;
