602, 364, 1157690870203;
602, 362, 1157690870312;
601, 360, 1157690870328;
599, 358, 1157690870343;
598, 357, 1157690870359;
597, 355, 1157690870375;
595, 351, 1157690870390;
593, 349, 1157690870406;
592, 348, 1157690870422;
591, 347, 1157690870422;
588, 347, 1157690870437;
586, 347, 1157690870453;
584, 348, 1157690870468;
582, 350, 1157690870484;
578, 355, 1157690870500;
575, 361, 1157690870500;
572, 368, 1157690870515;
571, 375, 1157690870531;
571, 380, 1157690870547;
571, 385, 1157690870562;
572, 388, 1157690870578;
577, 391, 1157690870593;
582, 392, 1157690870609;
588, 392, 1157690870609;
592, 392, 1157690870625;
597, 389, 1157690870640;
603, 379, 1157690870656;
612, 364, 1157690870672;
625, 345, 1157690870687;
638, 319, 1157690870703;
645, 299, 1157690870703;
651, 284, 1157690870718;
654, 273, 1157690870734;
655, 265, 1157690870750;
655, 258, 1157690870765;
656, 250, 1157690870781;
656, 244, 1157690870797;
656, 239, 1157690870797;
655, 237, 1157690870812;
653, 236, 1157690870828;
650, 236, 1157690870843;
647, 237, 1157690870859;
641, 243, 1157690870875;
635, 254, 1157690870890;
629, 267, 1157690870890;
622, 282, 1157690870906;
618, 296, 1157690870922;
613, 308, 1157690870937;
610, 322, 1157690870953;
607, 333, 1157690870968;
604, 344, 1157690870984;
602, 356, 1157690871000;
601, 366, 1157690871000;
601, 376, 1157690871015;
601, 385, 1157690871031;
603, 393, 1157690871047;
606, 401, 1157690871062;
609, 406, 1157690871078;
612, 410, 1157690871078;
617, 412, 1157690871093;
626, 412, 1157690871109;
637, 409, 1157690871125;
645, 404, 1157690871140;
651, 395, 1157690871156;
656, 387, 1157690871172;
659, 376, 1157690871187;
659, 376, 1157690871187;
