651, 349, 1157690883640;
649, 349, 1157690883734;
648, 348, 1157690883750;
646, 348, 1157690883765;
643, 348, 1157690883781;
639, 347, 1157690883781;
637, 347, 1157690883797;
635, 347, 1157690883812;
633, 347, 1157690883828;
632, 348, 1157690883843;
631, 349, 1157690883859;
629, 352, 1157690883875;
629, 356, 1157690883875;
628, 363, 1157690883890;
627, 369, 1157690883906;
627, 376, 1157690883922;
627, 385, 1157690883937;
629, 392, 1157690883953;
631, 397, 1157690883968;
634, 399, 1157690883968;
638, 399, 1157690883984;
645, 393, 1157690884000;
657, 381, 1157690884015;
668, 365, 1157690884031;
677, 345, 1157690884047;
683, 330, 1157690884062;
686, 318, 1157690884062;
687, 308, 1157690884078;
688, 297, 1157690884093;
688, 291, 1157690884109;
688, 285, 1157690884125;
687, 282, 1157690884140;
686, 281, 1157690884156;
685, 281, 1157690884156;
683, 281, 1157690884172;
680, 284, 1157690884187;
676, 290, 1157690884203;
672, 297, 1157690884218;
668, 306, 1157690884234;
666, 314, 1157690884250;
664, 323, 1157690884265;
663, 333, 1157690884265;
661, 342, 1157690884281;
661, 352, 1157690884297;
661, 362, 1157690884312;
664, 374, 1157690884328;
667, 384, 1157690884343;
671, 390, 1157690884343;
675, 395, 1157690884359;
678, 397, 1157690884375;
681, 397, 1157690884390;
685, 395, 1157690884406;
692, 387, 1157690884422;
692, 387, 1157690884453;
