634, 252, 1157131784765;
635, 254, 1157131784797;
636, 256, 1157131784812;
636, 262, 1157131784828;
636, 270, 1157131784828;
636, 278, 1157131784843;
636, 287, 1157131784859;
636, 295, 1157131784875;
636, 302, 1157131784890;
636, 310, 1157131784906;
636, 318, 1157131784922;
635, 325, 1157131784937;
635, 331, 1157131784937;
634, 335, 1157131784953;
634, 336, 1157131784968;
634, 337, 1157131784984;
634, 335, 1157131785031;
633, 334, 1157131785047;
632, 332, 1157131785062;
630, 328, 1157131785078;
629, 324, 1157131785093;
626, 320, 1157131785109;
623, 315, 1157131785125;
620, 312, 1157131785125;
617, 311, 1157131785140;
613, 311, 1157131785156;
611, 311, 1157131785172;
609, 311, 1157131785187;
606, 313, 1157131785203;
603, 316, 1157131785218;
600, 322, 1157131785218;
597, 328, 1157131785234;
594, 335, 1157131785250;
593, 344, 1157131785265;
592, 352, 1157131785281;
592, 357, 1157131785297;
593, 363, 1157131785312;
596, 368, 1157131785312;
600, 371, 1157131785328;
605, 374, 1157131785343;
610, 375, 1157131785359;
617, 375, 1157131785375;
625, 370, 1157131785390;
631, 365, 1157131785406;
636, 360, 1157131785406;
639, 356, 1157131785422;
640, 353, 1157131785437;
641, 352, 1157131785453;
641, 351, 1157131785468;
641, 350, 1157131785515;
641, 350, 1157131785547;
