638, 378, 1157690897203;
634, 376, 1157690897437;
632, 375, 1157690897453;
631, 374, 1157690897468;
628, 373, 1157690897484;
627, 372, 1157690897500;
626, 372, 1157690897515;
625, 371, 1157690897515;
624, 371, 1157690897531;
623, 371, 1157690897547;
620, 372, 1157690897562;
617, 376, 1157690897578;
613, 384, 1157690897593;
607, 393, 1157690897609;
604, 402, 1157690897609;
603, 410, 1157690897625;
603, 417, 1157690897640;
603, 422, 1157690897656;
605, 427, 1157690897672;
609, 429, 1157690897687;
613, 430, 1157690897703;
617, 430, 1157690897718;
621, 427, 1157690897718;
625, 421, 1157690897734;
629, 410, 1157690897750;
634, 398, 1157690897765;
637, 380, 1157690897781;
641, 362, 1157690897797;
644, 346, 1157690897812;
644, 336, 1157690897812;
644, 326, 1157690897828;
644, 320, 1157690897843;
643, 314, 1157690897859;
641, 310, 1157690897875;
640, 307, 1157690897890;
639, 306, 1157690897906;
639, 305, 1157690897906;
638, 305, 1157690897922;
638, 306, 1157690897968;
637, 308, 1157690897984;
635, 311, 1157690897984;
633, 316, 1157690898000;
631, 324, 1157690898015;
629, 332, 1157690898031;
628, 340, 1157690898047;
627, 350, 1157690898062;
627, 360, 1157690898078;
627, 370, 1157690898093;
627, 379, 1157690898093;
628, 387, 1157690898109;
629, 394, 1157690898125;
631, 401, 1157690898140;
631, 405, 1157690898156;
634, 410, 1157690898172;
637, 415, 1157690898187;
640, 420, 1157690898187;
644, 422, 1157690898203;
648, 424, 1157690898218;
652, 426, 1157690898234;
655, 426, 1157690898250;
659, 426, 1157690898265;
663, 424, 1157690898281;
666, 417, 1157690898281;
666, 417, 1157690898297;
