623, 266, 1157131790781;
624, 267, 1157131790812;
624, 269, 1157131790828;
624, 272, 1157131790843;
624, 277, 1157131790859;
624, 284, 1157131790859;
624, 290, 1157131790875;
624, 297, 1157131790890;
624, 305, 1157131790906;
624, 313, 1157131790922;
624, 321, 1157131790937;
624, 328, 1157131790953;
624, 335, 1157131790953;
624, 339, 1157131790968;
624, 340, 1157131790984;
624, 341, 1157131791000;
624, 339, 1157131791047;
624, 338, 1157131791062;
624, 336, 1157131791078;
622, 333, 1157131791093;
620, 328, 1157131791109;
617, 323, 1157131791125;
616, 320, 1157131791140;
612, 318, 1157131791140;
609, 316, 1157131791156;
606, 315, 1157131791172;
604, 314, 1157131791187;
601, 314, 1157131791203;
599, 314, 1157131791218;
597, 315, 1157131791234;
596, 317, 1157131791234;
594, 321, 1157131791250;
592, 325, 1157131791265;
591, 329, 1157131791281;
591, 332, 1157131791297;
591, 336, 1157131791312;
591, 338, 1157131791328;
592, 341, 1157131791328;
594, 344, 1157131791343;
596, 344, 1157131791359;
599, 346, 1157131791375;
602, 346, 1157131791390;
605, 346, 1157131791406;
609, 346, 1157131791422;
612, 344, 1157131791422;
616, 341, 1157131791437;
617, 339, 1157131791453;
619, 338, 1157131791468;
619, 337, 1157131791484;
619, 337, 1157131791531;
