608, 298, 1157131796453;
608, 299, 1157131796515;
608, 300, 1157131796531;
608, 303, 1157131796547;
608, 308, 1157131796562;
608, 315, 1157131796578;
608, 323, 1157131796578;
608, 331, 1157131796593;
608, 337, 1157131796609;
608, 345, 1157131796625;
608, 350, 1157131796640;
608, 353, 1157131796656;
608, 354, 1157131796672;
608, 352, 1157131796750;
608, 351, 1157131796765;
607, 348, 1157131796765;
606, 345, 1157131796781;
604, 342, 1157131796797;
603, 338, 1157131796812;
601, 336, 1157131796828;
600, 335, 1157131796843;
597, 334, 1157131796843;
591, 334, 1157131796859;
587, 335, 1157131796875;
582, 339, 1157131796890;
577, 343, 1157131796906;
574, 348, 1157131796922;
572, 353, 1157131796937;
572, 358, 1157131796953;
571, 362, 1157131796953;
571, 366, 1157131796968;
571, 369, 1157131796984;
572, 372, 1157131797000;
574, 374, 1157131797015;
579, 376, 1157131797031;
584, 377, 1157131797047;
590, 377, 1157131797047;
594, 377, 1157131797062;
597, 376, 1157131797078;
599, 374, 1157131797093;
600, 374, 1157131797109;
601, 372, 1157131797125;
602, 369, 1157131797140;
602, 368, 1157131797140;
602, 368, 1157131797172;
