631, 250, 1157131802187;
631, 252, 1157131802203;
631, 257, 1157131802218;
630, 263, 1157131802234;
627, 271, 1157131802250;
626, 280, 1157131802265;
625, 291, 1157131802265;
623, 301, 1157131802281;
622, 311, 1157131802297;
622, 321, 1157131802312;
620, 329, 1157131802328;
620, 334, 1157131802343;
620, 336, 1157131802343;
620, 338, 1157131802359;
620, 332, 1157131802422;
619, 329, 1157131802437;
617, 324, 1157131802453;
615, 317, 1157131802453;
612, 307, 1157131802468;
610, 300, 1157131802484;
608, 294, 1157131802500;
605, 291, 1157131802515;
604, 288, 1157131802531;
602, 288, 1157131802547;
599, 288, 1157131802547;
596, 290, 1157131802562;
591, 294, 1157131802578;
586, 299, 1157131802593;
583, 303, 1157131802609;
581, 309, 1157131802625;
579, 316, 1157131802640;
579, 322, 1157131802640;
579, 328, 1157131802656;
581, 333, 1157131802672;
585, 338, 1157131802687;
592, 341, 1157131802703;
598, 344, 1157131802718;
603, 345, 1157131802734;
606, 345, 1157131802734;
609, 345, 1157131802750;
610, 343, 1157131802765;
612, 341, 1157131802781;
614, 339, 1157131802797;
614, 338, 1157131802812;
615, 337, 1157131802828;
616, 336, 1157131802828;
618, 335, 1157131802843;
618, 335, 1157131802859;
