637, 263, 1157131807297;
637, 266, 1157131807312;
637, 271, 1157131807328;
637, 279, 1157131807343;
637, 289, 1157131807359;
637, 301, 1157131807375;
637, 316, 1157131807390;
637, 329, 1157131807390;
637, 338, 1157131807406;
637, 342, 1157131807422;
637, 345, 1157131807437;
636, 345, 1157131807484;
636, 344, 1157131807515;
635, 343, 1157131807531;
634, 340, 1157131807547;
633, 337, 1157131807562;
632, 334, 1157131807578;
631, 330, 1157131807578;
629, 326, 1157131807593;
627, 324, 1157131807609;
624, 323, 1157131807625;
622, 323, 1157131807640;
619, 323, 1157131807656;
616, 323, 1157131807672;
614, 324, 1157131807672;
612, 326, 1157131807687;
610, 330, 1157131807703;
609, 333, 1157131807718;
608, 336, 1157131807734;
608, 338, 1157131807750;
608, 342, 1157131807765;
608, 345, 1157131807765;
608, 349, 1157131807781;
608, 351, 1157131807797;
610, 353, 1157131807812;
614, 354, 1157131807828;
619, 354, 1157131807843;
624, 354, 1157131807859;
629, 354, 1157131807875;
631, 353, 1157131807875;
632, 351, 1157131807890;
634, 349, 1157131807906;
634, 348, 1157131807937;
634, 348, 1157131807984;
