635, 246, 1157131812656;
635, 248, 1157131812672;
635, 252, 1157131812687;
635, 259, 1157131812703;
635, 267, 1157131812703;
633, 276, 1157131812718;
633, 287, 1157131812734;
630, 299, 1157131812750;
629, 310, 1157131812765;
629, 319, 1157131812781;
628, 326, 1157131812797;
628, 330, 1157131812812;
627, 332, 1157131812812;
627, 333, 1157131812828;
626, 331, 1157131812890;
625, 329, 1157131812906;
625, 327, 1157131812906;
623, 324, 1157131812922;
621, 319, 1157131812937;
619, 314, 1157131812953;
617, 309, 1157131812968;
616, 307, 1157131812984;
613, 305, 1157131813000;
610, 305, 1157131813000;
606, 305, 1157131813015;
601, 306, 1157131813031;
598, 309, 1157131813047;
594, 313, 1157131813062;
591, 316, 1157131813078;
591, 320, 1157131813093;
590, 323, 1157131813093;
590, 328, 1157131813109;
590, 331, 1157131813125;
591, 334, 1157131813140;
593, 337, 1157131813156;
596, 340, 1157131813172;
601, 341, 1157131813187;
605, 341, 1157131813187;
610, 341, 1157131813203;
614, 341, 1157131813218;
619, 339, 1157131813234;
621, 336, 1157131813250;
623, 334, 1157131813265;
624, 332, 1157131813281;
625, 330, 1157131813281;
626, 327, 1157131813297;
626, 326, 1157131813328;
626, 326, 1157131813328;
