634, 271, 1157131826375;
634, 272, 1157131826390;
634, 275, 1157131826406;
634, 279, 1157131826422;
634, 285, 1157131826437;
634, 292, 1157131826453;
634, 300, 1157131826468;
634, 309, 1157131826484;
634, 320, 1157131826484;
634, 329, 1157131826500;
634, 336, 1157131826515;
634, 340, 1157131826531;
634, 342, 1157131826547;
634, 344, 1157131826562;
634, 341, 1157131826609;
633, 340, 1157131826625;
632, 337, 1157131826640;
630, 334, 1157131826656;
628, 330, 1157131826672;
624, 325, 1157131826672;
620, 323, 1157131826687;
618, 320, 1157131826703;
615, 320, 1157131826718;
614, 320, 1157131826734;
612, 320, 1157131826750;
610, 320, 1157131826765;
607, 321, 1157131826765;
606, 324, 1157131826781;
604, 329, 1157131826797;
601, 333, 1157131826812;
600, 338, 1157131826828;
600, 342, 1157131826843;
600, 345, 1157131826859;
601, 348, 1157131826875;
605, 351, 1157131826875;
607, 352, 1157131826890;
609, 353, 1157131826906;
612, 353, 1157131826922;
616, 353, 1157131826937;
620, 353, 1157131826953;
625, 351, 1157131826968;
628, 348, 1157131826968;
630, 347, 1157131826984;
631, 346, 1157131827000;
631, 345, 1157131827015;
631, 345, 1157131827062;
