644, 255, 1157131837359;
644, 255, 1157131837359;
644, 256, 1157131837390;
644, 259, 1157131837406;
644, 264, 1157131837422;
644, 270, 1157131837437;
644, 278, 1157131837437;
644, 286, 1157131837453;
644, 295, 1157131837468;
644, 306, 1157131837484;
644, 318, 1157131837500;
644, 328, 1157131837500;
644, 335, 1157131837515;
644, 338, 1157131837531;
644, 339, 1157131837547;
641, 332, 1157131837593;
640, 328, 1157131837609;
639, 322, 1157131837625;
637, 316, 1157131837640;
636, 310, 1157131837656;
635, 304, 1157131837672;
634, 298, 1157131837687;
633, 296, 1157131837687;
631, 295, 1157131837703;
630, 293, 1157131837718;
627, 293, 1157131837734;
624, 293, 1157131837750;
620, 294, 1157131837765;
617, 297, 1157131837781;
615, 299, 1157131837797;
613, 302, 1157131837797;
612, 307, 1157131837812;
611, 311, 1157131837828;
611, 315, 1157131837843;
611, 321, 1157131837859;
612, 325, 1157131837875;
615, 329, 1157131837890;
620, 332, 1157131837890;
625, 336, 1157131837906;
628, 338, 1157131837922;
630, 338, 1157131837937;
633, 338, 1157131837953;
636, 335, 1157131837968;
638, 334, 1157131837984;
640, 332, 1157131837984;
641, 331, 1157131838000;
642, 331, 1157131838031;
642, 331, 1157131838078;
