417, 302, 1157145589797;
419, 303, 1157145589843;
421, 304, 1157145589859;
424, 305, 1157145589875;
426, 306, 1157145589890;
430, 306, 1157145589890;
435, 306, 1157145589906;
441, 304, 1157145589922;
447, 304, 1157145589937;
450, 303, 1157145589953;
452, 303, 1157145589968;
452, 305, 1157145590031;
450, 310, 1157145590047;
444, 318, 1157145590062;
438, 326, 1157145590078;
432, 334, 1157145590078;
427, 338, 1157145590093;
424, 340, 1157145590109;
424, 341, 1157145590172;
424, 342, 1157145590218;
425, 343, 1157145590234;
426, 344, 1157145590250;
428, 344, 1157145590265;
430, 345, 1157145590265;
434, 346, 1157145590281;
437, 346, 1157145590297;
439, 346, 1157145590312;
441, 346, 1157145590328;
443, 346, 1157145590343;
445, 346, 1157145590375;
445, 346, 1157145590406;
