407, 305, 1157145658578;
410, 305, 1157145658703;
413, 305, 1157145658718;
417, 305, 1157145658734;
422, 305, 1157145658734;
429, 305, 1157145658750;
435, 304, 1157145658765;
438, 304, 1157145658781;
440, 304, 1157145658797;
442, 304, 1157145658812;
443, 304, 1157145658812;
445, 304, 1157145658828;
446, 304, 1157145658843;
446, 305, 1157145658890;
444, 308, 1157145658922;
440, 313, 1157145658922;
436, 320, 1157145658937;
431, 326, 1157145658953;
426, 332, 1157145658968;
421, 338, 1157145658984;
418, 343, 1157145659000;
416, 345, 1157145659000;
415, 346, 1157145659015;
415, 347, 1157145659031;
414, 347, 1157145659047;
413, 347, 1157145659078;
412, 348, 1157145659125;
411, 349, 1157145659187;
411, 350, 1157145659203;
412, 350, 1157145659281;
414, 350, 1157145659297;
417, 350, 1157145659297;
420, 350, 1157145659312;
423, 350, 1157145659328;
426, 350, 1157145659343;
430, 350, 1157145659359;
434, 350, 1157145659375;
438, 350, 1157145659390;
440, 350, 1157145659390;
443, 350, 1157145659406;
444, 350, 1157145659437;
445, 350, 1157145659453;
446, 350, 1157145659484;
447, 350, 1157145659500;
447, 350, 1157145659500;
