424, 339, 1157145663922;
425, 340, 1157145664015;
426, 341, 1157145664031;
428, 342, 1157145664047;
431, 342, 1157145664062;
433, 343, 1157145664078;
435, 344, 1157145664093;
437, 344, 1157145664093;
441, 345, 1157145664109;
445, 346, 1157145664140;
448, 346, 1157145664140;
451, 346, 1157145664156;
452, 347, 1157145664172;
454, 348, 1157145664187;
454, 349, 1157145664234;
449, 355, 1157145664265;
444, 364, 1157145664281;
440, 372, 1157145664281;
434, 381, 1157145664297;
432, 386, 1157145664312;
430, 390, 1157145664328;
428, 393, 1157145664343;
427, 396, 1157145664359;
426, 397, 1157145664390;
425, 398, 1157145664406;
425, 400, 1157145664422;
425, 401, 1157145664437;
426, 401, 1157145664500;
427, 401, 1157145664515;
429, 401, 1157145664531;
433, 401, 1157145664547;
436, 401, 1157145664562;
439, 401, 1157145664578;
442, 401, 1157145664578;
445, 401, 1157145664593;
447, 401, 1157145664609;
450, 401, 1157145664625;
452, 401, 1157145664640;
454, 401, 1157145664656;
455, 401, 1157145664672;
456, 401, 1157145664672;
456, 401, 1157145664687;
