411, 346, 1157145671078;
411, 347, 1157145671125;
412, 347, 1157145671140;
414, 347, 1157145671156;
417, 347, 1157145671156;
421, 347, 1157145671172;
424, 347, 1157145671187;
427, 347, 1157145671203;
429, 347, 1157145671218;
432, 347, 1157145671234;
435, 347, 1157145671250;
436, 347, 1157145671250;
437, 347, 1157145671265;
439, 347, 1157145671281;
440, 347, 1157145671328;
440, 349, 1157145671422;
438, 352, 1157145671437;
433, 357, 1157145671437;
427, 365, 1157145671453;
420, 373, 1157145671468;
416, 379, 1157145671484;
415, 381, 1157145671500;
414, 382, 1157145671515;
413, 383, 1157145671531;
414, 383, 1157145671718;
416, 383, 1157145671734;
420, 383, 1157145671750;
426, 383, 1157145671765;
431, 383, 1157145671781;
434, 383, 1157145671797;
437, 383, 1157145671812;
438, 383, 1157145671828;
439, 383, 1157145671843;
440, 383, 1157145671859;
441, 383, 1157145671875;
441, 383, 1157145671922;
