414, 336, 1157145676547;
415, 336, 1157145676578;
417, 337, 1157145676593;
420, 337, 1157145676609;
425, 337, 1157145676625;
431, 337, 1157145676625;
437, 337, 1157145676640;
441, 337, 1157145676656;
444, 337, 1157145676672;
446, 337, 1157145676687;
448, 337, 1157145676703;
449, 337, 1157145676718;
450, 337, 1157145676718;
450, 338, 1157145676765;
448, 340, 1157145676797;
445, 345, 1157145676812;
440, 351, 1157145676812;
434, 358, 1157145676828;
427, 366, 1157145676843;
422, 373, 1157145676859;
419, 375, 1157145676875;
418, 377, 1157145676890;
417, 377, 1157145676906;
416, 378, 1157145676953;
413, 384, 1157145677015;
413, 385, 1157145677031;
415, 385, 1157145677093;
418, 385, 1157145677109;
422, 385, 1157145677109;
426, 385, 1157145677125;
429, 385, 1157145677140;
432, 385, 1157145677156;
437, 385, 1157145677172;
443, 385, 1157145677187;
448, 385, 1157145677187;
451, 386, 1157145677203;
453, 386, 1157145677218;
454, 386, 1157145677250;
454, 386, 1157145677250;
