413, 310, 1157145681656;
414, 310, 1157145681703;
416, 310, 1157145681718;
419, 310, 1157145681734;
423, 310, 1157145681734;
431, 310, 1157145681750;
438, 310, 1157145681765;
444, 310, 1157145681781;
449, 310, 1157145681797;
452, 310, 1157145681812;
456, 310, 1157145681828;
459, 310, 1157145681828;
462, 310, 1157145681843;
463, 310, 1157145681859;
463, 311, 1157145681937;
461, 311, 1157145681953;
459, 313, 1157145681968;
455, 318, 1157145681984;
450, 328, 1157145682000;
443, 338, 1157145682015;
435, 351, 1157145682015;
428, 361, 1157145682047;
424, 367, 1157145682047;
423, 368, 1157145682062;
422, 370, 1157145682078;
423, 370, 1157145682203;
425, 370, 1157145682218;
427, 370, 1157145682234;
429, 370, 1157145682250;
432, 370, 1157145682265;
436, 370, 1157145682281;
441, 370, 1157145682297;
448, 370, 1157145682297;
452, 370, 1157145682312;
455, 370, 1157145682328;
458, 370, 1157145682343;
459, 370, 1157145682359;
461, 370, 1157145682375;
461, 370, 1157145682375;
