398, 333, 1157145686484;
398, 334, 1157145686500;
399, 334, 1157145686515;
403, 335, 1157145686531;
407, 335, 1157145686547;
412, 335, 1157145686562;
418, 335, 1157145686578;
424, 335, 1157145686593;
431, 335, 1157145686593;
436, 335, 1157145686609;
441, 335, 1157145686625;
444, 335, 1157145686640;
444, 336, 1157145686656;
445, 336, 1157145686672;
445, 338, 1157145686703;
443, 342, 1157145686718;
440, 346, 1157145686734;
437, 351, 1157145686750;
433, 357, 1157145686765;
428, 364, 1157145686765;
422, 373, 1157145686781;
417, 381, 1157145686797;
414, 387, 1157145686812;
412, 391, 1157145686828;
411, 392, 1157145686843;
411, 393, 1157145686859;
410, 393, 1157145686859;
410, 394, 1157145686968;
411, 394, 1157145687062;
413, 394, 1157145687062;
417, 394, 1157145687078;
422, 394, 1157145687093;
425, 394, 1157145687109;
429, 394, 1157145687125;
431, 394, 1157145687140;
435, 394, 1157145687156;
437, 394, 1157145687156;
438, 394, 1157145687172;
438, 394, 1157145687172;
