416, 344, 1157145693687;
417, 344, 1157145693687;
419, 346, 1157145693703;
421, 347, 1157145693718;
423, 348, 1157145693734;
427, 348, 1157145693750;
432, 348, 1157145693765;
439, 348, 1157145693781;
445, 348, 1157145693781;
448, 348, 1157145693797;
450, 349, 1157145693812;
452, 349, 1157145693828;
453, 349, 1157145693843;
454, 349, 1157145693875;
454, 350, 1157145693968;
452, 353, 1157145693984;
449, 359, 1157145694000;
445, 369, 1157145694015;
438, 380, 1157145694031;
431, 391, 1157145694047;
427, 401, 1157145694062;
424, 406, 1157145694078;
423, 408, 1157145694078;
423, 407, 1157145694187;
424, 406, 1157145694218;
426, 406, 1157145694234;
428, 406, 1157145694250;
430, 406, 1157145694250;
432, 405, 1157145694265;
435, 405, 1157145694281;
440, 405, 1157145694297;
446, 405, 1157145694312;
451, 405, 1157145694328;
455, 405, 1157145694343;
457, 405, 1157145694359;
459, 405, 1157145694359;
461, 405, 1157145694375;
462, 405, 1157145694390;
463, 405, 1157145694406;
464, 405, 1157145694422;
464, 405, 1157145694422;
