409, 347, 1157145700093;
410, 347, 1157145700109;
412, 347, 1157145700140;
414, 347, 1157145700156;
417, 347, 1157145700172;
420, 347, 1157145700187;
425, 347, 1157145700187;
432, 347, 1157145700203;
439, 347, 1157145700218;
443, 347, 1157145700234;
445, 347, 1157145700250;
447, 347, 1157145700265;
448, 347, 1157145700281;
448, 348, 1157145700390;
446, 350, 1157145700406;
443, 355, 1157145700422;
436, 366, 1157145700437;
426, 381, 1157145700453;
417, 395, 1157145700468;
412, 403, 1157145700468;
410, 406, 1157145700484;
409, 407, 1157145700500;
409, 408, 1157145700515;
410, 408, 1157145700656;
411, 408, 1157145700672;
414, 408, 1157145700672;
417, 408, 1157145700687;
421, 408, 1157145700703;
425, 408, 1157145700718;
432, 408, 1157145700734;
441, 408, 1157145700750;
449, 408, 1157145700765;
455, 408, 1157145700765;
457, 408, 1157145700781;
458, 408, 1157145700797;
458, 408, 1157145700797;
