560, 254, 1157691902422;
561, 254, 1157691902453;
562, 254, 1157691902468;
563, 254, 1157691902484;
565, 254, 1157691902500;
568, 254, 1157691902515;
572, 254, 1157691902531;
578, 254, 1157691902531;
583, 253, 1157691902547;
590, 251, 1157691902562;
600, 247, 1157691902578;
608, 245, 1157691902593;
613, 243, 1157691902609;
615, 242, 1157691902609;
616, 242, 1157691902625;
610, 247, 1157691902703;
601, 255, 1157691902718;
593, 266, 1157691902734;
584, 278, 1157691902750;
577, 289, 1157691902765;
569, 299, 1157691902781;
563, 306, 1157691902797;
558, 312, 1157691902812;
553, 317, 1157691902812;
550, 320, 1157691902828;
548, 321, 1157691902843;
548, 322, 1157691902875;
549, 322, 1157691903000;
551, 322, 1157691903000;
555, 322, 1157691903015;
559, 321, 1157691903031;
566, 318, 1157691903047;
580, 313, 1157691903062;
593, 310, 1157691903078;
606, 306, 1157691903093;
616, 304, 1157691903093;
629, 301, 1157691903109;
639, 299, 1157691903125;
648, 297, 1157691903140;
648, 297, 1157691903140;
