502, 302, 1157691915125;
503, 303, 1157691915218;
505, 303, 1157691915218;
509, 303, 1157691915234;
515, 303, 1157691915250;
524, 303, 1157691915265;
535, 300, 1157691915281;
552, 297, 1157691915297;
566, 294, 1157691915312;
575, 291, 1157691915312;
582, 290, 1157691915328;
585, 289, 1157691915343;
587, 289, 1157691915359;
588, 289, 1157691915375;
588, 290, 1157691915453;
586, 294, 1157691915468;
582, 301, 1157691915484;
578, 309, 1157691915500;
572, 317, 1157691915500;
567, 326, 1157691915515;
562, 333, 1157691915531;
558, 337, 1157691915547;
556, 338, 1157691915562;
555, 339, 1157691915578;
553, 340, 1157691915593;
552, 340, 1157691915609;
550, 341, 1157691915625;
549, 342, 1157691915640;
547, 342, 1157691915656;
546, 345, 1157691915672;
544, 346, 1157691915687;
543, 348, 1157691915703;
541, 350, 1157691915703;
540, 352, 1157691915718;
538, 354, 1157691915734;
537, 356, 1157691915750;
536, 357, 1157691915765;
534, 359, 1157691915781;
533, 360, 1157691915781;
532, 361, 1157691915797;
532, 362, 1157691915812;
529, 365, 1157691915828;
529, 366, 1157691915843;
529, 367, 1157691915875;
530, 368, 1157691915968;
533, 368, 1157691915984;
535, 368, 1157691915984;
540, 366, 1157691916000;
547, 364, 1157691916015;
556, 362, 1157691916031;
564, 361, 1157691916047;
573, 360, 1157691916062;
583, 360, 1157691916078;
598, 360, 1157691916078;
611, 363, 1157691916093;
622, 368, 1157691916109;
633, 372, 1157691916125;
633, 372, 1157691916125;
