431, 315, 1157145600312;
433, 315, 1157145600390;
437, 315, 1157145600406;
442, 315, 1157145600422;
447, 315, 1157145600437;
451, 315, 1157145600453;
454, 316, 1157145600468;
457, 318, 1157145600484;
459, 318, 1157145600484;
459, 319, 1157145600531;
459, 320, 1157145600547;
457, 324, 1157145600562;
453, 331, 1157145600578;
446, 340, 1157145600578;
441, 349, 1157145600593;
434, 357, 1157145600609;
429, 362, 1157145600625;
428, 364, 1157145600640;
427, 365, 1157145600656;
428, 365, 1157145600703;
429, 365, 1157145600734;
431, 365, 1157145600750;
433, 364, 1157145600765;
435, 364, 1157145600765;
438, 364, 1157145600781;
443, 363, 1157145600797;
447, 363, 1157145600812;
452, 363, 1157145600828;
455, 363, 1157145600843;
456, 363, 1157145600859;
457, 362, 1157145600875;
458, 362, 1157145600875;
459, 362, 1157145600890;
460, 362, 1157145600906;
460, 362, 1157145600922;
