524, 285, 1157691925562;
525, 285, 1157691925625;
527, 285, 1157691925625;
529, 285, 1157691925640;
533, 285, 1157691925656;
542, 282, 1157691925672;
554, 279, 1157691925687;
565, 276, 1157691925703;
578, 272, 1157691925718;
587, 269, 1157691925718;
592, 268, 1157691925734;
594, 268, 1157691925750;
595, 268, 1157691925781;
592, 271, 1157691925859;
588, 276, 1157691925875;
583, 285, 1157691925890;
578, 293, 1157691925906;
573, 303, 1157691925922;
568, 313, 1157691925922;
564, 321, 1157691925937;
559, 331, 1157691925953;
555, 338, 1157691925968;
553, 342, 1157691925984;
550, 344, 1157691926000;
550, 346, 1157691926015;
549, 346, 1157691926015;
550, 345, 1157691926172;
553, 344, 1157691926187;
556, 343, 1157691926203;
559, 341, 1157691926203;
562, 340, 1157691926218;
566, 339, 1157691926234;
570, 339, 1157691926250;
574, 339, 1157691926265;
577, 339, 1157691926281;
580, 339, 1157691926297;
583, 339, 1157691926297;
583, 339, 1157691926297;
