433, 305, 1157145612000;
434, 305, 1157145612062;
437, 305, 1157145612078;
444, 303, 1157145612093;
451, 300, 1157145612093;
463, 295, 1157145612109;
476, 293, 1157145612125;
487, 292, 1157145612140;
494, 292, 1157145612156;
496, 292, 1157145612172;
497, 292, 1157145612187;
498, 292, 1157145612187;
492, 298, 1157145612250;
483, 305, 1157145612265;
473, 316, 1157145612281;
464, 326, 1157145612281;
456, 333, 1157145612297;
452, 338, 1157145612312;
450, 340, 1157145612328;
449, 341, 1157145612343;
450, 341, 1157145612453;
452, 341, 1157145612468;
455, 341, 1157145612484;
459, 341, 1157145612484;
464, 341, 1157145612500;
470, 340, 1157145612515;
474, 340, 1157145612531;
478, 340, 1157145612547;
482, 340, 1157145612562;
488, 340, 1157145612562;
493, 340, 1157145612578;
497, 340, 1157145612593;
499, 340, 1157145612609;
499, 340, 1157145612609;
