423, 305, 1157145619765;
425, 305, 1157145619781;
427, 305, 1157145619797;
430, 305, 1157145619812;
433, 305, 1157145619828;
438, 305, 1157145619843;
442, 305, 1157145619859;
447, 305, 1157145619859;
450, 305, 1157145619875;
453, 305, 1157145619890;
456, 305, 1157145619906;
458, 305, 1157145619922;
459, 305, 1157145619937;
458, 306, 1157145620015;
457, 308, 1157145620031;
452, 313, 1157145620047;
445, 324, 1157145620047;
437, 339, 1157145620062;
427, 355, 1157145620078;
421, 366, 1157145620093;
415, 375, 1157145620109;
414, 378, 1157145620125;
414, 379, 1157145620140;
414, 380, 1157145620140;
415, 378, 1157145620234;
417, 377, 1157145620234;
419, 376, 1157145620250;
422, 375, 1157145620265;
425, 374, 1157145620281;
429, 373, 1157145620297;
434, 372, 1157145620312;
441, 371, 1157145620328;
448, 369, 1157145620328;
454, 369, 1157145620343;
457, 369, 1157145620359;
459, 369, 1157145620375;
460, 369, 1157145620406;
461, 369, 1157145620422;
462, 369, 1157145620422;
463, 369, 1157145620437;
463, 369, 1157145620468;
