410, 323, 1157145627187;
411, 323, 1157145627218;
412, 323, 1157145627234;
413, 323, 1157145627234;
416, 323, 1157145627250;
419, 323, 1157145627265;
423, 323, 1157145627281;
426, 323, 1157145627297;
430, 323, 1157145627312;
436, 324, 1157145627328;
439, 325, 1157145627328;
441, 326, 1157145627343;
443, 326, 1157145627359;
443, 327, 1157145627390;
443, 328, 1157145627422;
442, 329, 1157145627422;
441, 330, 1157145627437;
438, 332, 1157145627453;
434, 337, 1157145627468;
429, 343, 1157145627484;
424, 350, 1157145627500;
420, 357, 1157145627515;
417, 363, 1157145627531;
415, 366, 1157145627531;
413, 367, 1157145627547;
413, 368, 1157145627562;
412, 368, 1157145627593;
410, 370, 1157145627609;
407, 374, 1157145627609;
406, 375, 1157145627625;
405, 376, 1157145627640;
404, 376, 1157145627718;
405, 376, 1157145627750;
406, 376, 1157145627765;
407, 376, 1157145627781;
409, 376, 1157145627797;
411, 377, 1157145627812;
414, 378, 1157145627812;
417, 378, 1157145627828;
420, 378, 1157145627843;
424, 378, 1157145627859;
427, 379, 1157145627875;
430, 380, 1157145627890;
432, 380, 1157145627906;
433, 380, 1157145627922;
434, 380, 1157145627953;
435, 380, 1157145628015;
436, 380, 1157145628047;
436, 380, 1157145628062;
