402, 310, 1157145633515;
403, 310, 1157145633562;
404, 310, 1157145633578;
406, 310, 1157145633578;
409, 310, 1157145633593;
411, 310, 1157145633609;
415, 310, 1157145633625;
419, 310, 1157145633640;
426, 310, 1157145633656;
430, 310, 1157145633672;
434, 311, 1157145633687;
436, 311, 1157145633687;
437, 311, 1157145633703;
438, 311, 1157145633718;
438, 312, 1157145633765;
438, 313, 1157145633797;
437, 314, 1157145633812;
434, 317, 1157145633828;
431, 321, 1157145633843;
426, 326, 1157145633859;
421, 332, 1157145633875;
417, 337, 1157145633875;
414, 341, 1157145633890;
412, 346, 1157145633906;
410, 351, 1157145633922;
408, 355, 1157145633937;
406, 358, 1157145633953;
406, 359, 1157145633968;
406, 360, 1157145633968;
404, 363, 1157145633984;
402, 367, 1157145634000;
402, 368, 1157145634015;
401, 369, 1157145634031;
402, 369, 1157145634156;
403, 369, 1157145634156;
404, 369, 1157145634172;
406, 369, 1157145634187;
410, 369, 1157145634203;
414, 369, 1157145634218;
418, 369, 1157145634234;
421, 369, 1157145634250;
425, 369, 1157145634250;
431, 369, 1157145634265;
435, 369, 1157145634281;
439, 369, 1157145634297;
442, 369, 1157145634312;
443, 369, 1157145634328;
445, 369, 1157145634343;
445, 369, 1157145634406;
