409, 304, 1157145640593;
410, 304, 1157145640656;
412, 305, 1157145640672;
414, 305, 1157145640687;
417, 305, 1157145640703;
421, 305, 1157145640718;
425, 305, 1157145640734;
428, 305, 1157145640750;
434, 305, 1157145640750;
439, 305, 1157145640765;
441, 305, 1157145640781;
443, 305, 1157145640797;
442, 306, 1157145640906;
441, 306, 1157145640922;
439, 308, 1157145640937;
437, 313, 1157145640937;
431, 321, 1157145640953;
425, 333, 1157145640968;
419, 341, 1157145640984;
416, 347, 1157145641000;
415, 349, 1157145641015;
413, 350, 1157145641031;
413, 351, 1157145641031;
412, 352, 1157145641062;
410, 356, 1157145641078;
408, 360, 1157145641093;
407, 361, 1157145641109;
407, 362, 1157145641125;
408, 362, 1157145641234;
410, 362, 1157145641234;
411, 362, 1157145641250;
412, 362, 1157145641265;
414, 362, 1157145641281;
416, 362, 1157145641297;
419, 362, 1157145641312;
422, 362, 1157145641312;
427, 362, 1157145641328;
429, 362, 1157145641343;
431, 362, 1157145641359;
433, 362, 1157145641375;
434, 362, 1157145641390;
435, 362, 1157145641406;
435, 363, 1157145641406;
436, 363, 1157145641422;
436, 361, 1157145641515;
436, 361, 1157145641515;
