411, 294, 1157145646437;
410, 294, 1157145646531;
409, 294, 1157145646547;
410, 294, 1157145646640;
411, 294, 1157145646656;
412, 294, 1157145646672;
413, 294, 1157145646687;
416, 294, 1157145646703;
419, 294, 1157145646718;
423, 294, 1157145646718;
428, 294, 1157145646734;
433, 294, 1157145646750;
439, 294, 1157145646765;
444, 294, 1157145646781;
447, 295, 1157145646797;
449, 295, 1157145646812;
449, 296, 1157145646843;
446, 298, 1157145646875;
442, 303, 1157145646890;
436, 309, 1157145646906;
429, 316, 1157145646906;
424, 322, 1157145646922;
418, 331, 1157145646937;
412, 338, 1157145646953;
407, 346, 1157145646968;
403, 352, 1157145646984;
402, 354, 1157145647000;
402, 355, 1157145647000;
401, 356, 1157145647031;
402, 356, 1157145647125;
403, 356, 1157145647140;
405, 356, 1157145647156;
409, 356, 1157145647172;
412, 356, 1157145647187;
415, 356, 1157145647187;
418, 356, 1157145647203;
423, 356, 1157145647218;
429, 356, 1157145647234;
434, 356, 1157145647250;
438, 356, 1157145647265;
441, 356, 1157145647281;
443, 356, 1157145647281;
444, 357, 1157145647297;
444, 357, 1157145647390;
