406, 304, 1157145652203;
407, 305, 1157145652297;
409, 305, 1157145652312;
411, 305, 1157145652328;
415, 305, 1157145652343;
420, 305, 1157145652359;
423, 305, 1157145652375;
427, 305, 1157145652390;
432, 305, 1157145652390;
438, 305, 1157145652406;
441, 305, 1157145652422;
444, 305, 1157145652437;
445, 305, 1157145652453;
446, 305, 1157145652484;
444, 306, 1157145652547;
442, 311, 1157145652562;
435, 319, 1157145652578;
428, 329, 1157145652578;
420, 342, 1157145652593;
415, 353, 1157145652609;
412, 359, 1157145652625;
410, 362, 1157145652640;
410, 363, 1157145652656;
409, 363, 1157145652672;
409, 364, 1157145652750;
410, 364, 1157145652843;
411, 364, 1157145652859;
413, 364, 1157145652859;
415, 364, 1157145652875;
419, 364, 1157145652890;
423, 364, 1157145652906;
427, 364, 1157145652922;
433, 364, 1157145652937;
438, 364, 1157145652953;
441, 364, 1157145652968;
443, 364, 1157145652968;
446, 364, 1157145652984;
447, 364, 1157145653031;
447, 363, 1157145653078;
447, 363, 1157145653078;
