418, 299, 1157144345734;
418, 301, 1157144345843;
418, 305, 1157144345859;
418, 312, 1157144345875;
419, 320, 1157144345890;
421, 328, 1157144345890;
421, 338, 1157144345906;
421, 345, 1157144345922;
423, 352, 1157144345937;
425, 356, 1157144345953;
428, 361, 1157144345968;
432, 364, 1157144345968;
434, 366, 1157144345984;
437, 368, 1157144346000;
440, 368, 1157144346015;
443, 368, 1157144346031;
445, 368, 1157144346047;
448, 366, 1157144346062;
449, 365, 1157144346062;
451, 363, 1157144346078;
453, 361, 1157144346093;
456, 356, 1157144346109;
459, 351, 1157144346125;
461, 343, 1157144346140;
462, 335, 1157144346156;
462, 327, 1157144346156;
462, 320, 1157144346172;
462, 313, 1157144346187;
462, 308, 1157144346203;
462, 303, 1157144346218;
462, 300, 1157144346234;
462, 298, 1157144346250;
461, 297, 1157144346265;
460, 297, 1157144346281;
460, 297, 1157144346422;
