402, 333, 1157144399453;
402, 334, 1157144399484;
402, 336, 1157144399500;
402, 338, 1157144399515;
402, 341, 1157144399531;
402, 344, 1157144399531;
402, 347, 1157144399547;
402, 350, 1157144399562;
402, 352, 1157144399578;
402, 354, 1157144399593;
402, 357, 1157144399609;
402, 360, 1157144399625;
402, 363, 1157144399625;
403, 366, 1157144399640;
404, 369, 1157144399656;
405, 371, 1157144399672;
406, 373, 1157144399687;
408, 375, 1157144399703;
411, 377, 1157144399718;
413, 379, 1157144399734;
415, 380, 1157144399734;
416, 381, 1157144399750;
418, 381, 1157144399765;
420, 381, 1157144399781;
422, 379, 1157144399797;
425, 377, 1157144399812;
428, 375, 1157144399812;
428, 374, 1157144399828;
430, 371, 1157144399843;
432, 367, 1157144399859;
435, 362, 1157144399875;
437, 357, 1157144399890;
438, 354, 1157144399906;
438, 352, 1157144399922;
438, 351, 1157144399922;
438, 350, 1157144399937;
438, 349, 1157144399953;
438, 348, 1157144399968;
438, 347, 1157144399984;
438, 346, 1157144400000;
438, 344, 1157144400062;
438, 343, 1157144400093;
438, 342, 1157144400093;
438, 341, 1157144400109;
438, 341, 1157144400109;
