407, 311, 1157144405359;
407, 313, 1157144405453;
409, 318, 1157144405468;
410, 321, 1157144405484;
410, 325, 1157144405484;
410, 329, 1157144405500;
411, 335, 1157144405515;
412, 338, 1157144405531;
414, 340, 1157144405547;
414, 342, 1157144405562;
416, 344, 1157144405562;
417, 345, 1157144405578;
419, 347, 1157144405593;
420, 348, 1157144405609;
421, 349, 1157144405625;
423, 349, 1157144405640;
425, 350, 1157144405656;
427, 350, 1157144405672;
430, 350, 1157144405672;
432, 348, 1157144405687;
436, 345, 1157144405703;
439, 337, 1157144405718;
443, 329, 1157144405734;
446, 319, 1157144405750;
448, 314, 1157144405765;
449, 310, 1157144405765;
449, 308, 1157144405781;
449, 305, 1157144405797;
450, 303, 1157144405812;
450, 302, 1157144405890;
450, 302, 1157144405922;
