417, 321, 1157144411562;
417, 324, 1157144411625;
416, 328, 1157144411640;
416, 335, 1157144411656;
415, 340, 1157144411656;
415, 347, 1157144411672;
415, 356, 1157144411687;
415, 364, 1157144411703;
415, 371, 1157144411718;
415, 378, 1157144411734;
416, 384, 1157144411750;
418, 388, 1157144411750;
420, 390, 1157144411765;
422, 392, 1157144411781;
424, 392, 1157144411797;
428, 392, 1157144411812;
433, 389, 1157144411828;
440, 385, 1157144411843;
445, 380, 1157144411843;
450, 375, 1157144411859;
452, 370, 1157144411875;
453, 368, 1157144411890;
454, 367, 1157144411906;
454, 365, 1157144411922;
455, 361, 1157144411937;
456, 357, 1157144411953;
457, 347, 1157144411953;
459, 339, 1157144411968;
460, 332, 1157144411984;
460, 330, 1157144412000;
460, 329, 1157144412015;
460, 329, 1157144412093;
