407, 344, 1157144416187;
407, 346, 1157144416312;
407, 350, 1157144416312;
407, 355, 1157144416328;
407, 360, 1157144416343;
407, 365, 1157144416359;
407, 370, 1157144416375;
408, 376, 1157144416390;
411, 382, 1157144416406;
414, 386, 1157144416406;
418, 390, 1157144416422;
420, 393, 1157144416437;
423, 394, 1157144416453;
426, 396, 1157144416468;
429, 396, 1157144416484;
433, 396, 1157144416500;
437, 394, 1157144416515;
442, 392, 1157144416515;
445, 390, 1157144416531;
450, 387, 1157144416547;
455, 383, 1157144416562;
460, 376, 1157144416578;
463, 370, 1157144416593;
464, 367, 1157144416609;
464, 365, 1157144416609;
464, 364, 1157144416625;
464, 361, 1157144416640;
464, 359, 1157144416656;
464, 354, 1157144416672;
464, 352, 1157144416687;
464, 351, 1157144416703;
464, 351, 1157144416765;
