412, 359, 1157144422265;
413, 360, 1157144422343;
414, 364, 1157144422359;
414, 368, 1157144422359;
414, 375, 1157144422375;
414, 381, 1157144422390;
414, 388, 1157144422406;
414, 394, 1157144422422;
416, 398, 1157144422437;
418, 403, 1157144422453;
420, 405, 1157144422453;
422, 407, 1157144422468;
424, 407, 1157144422484;
427, 407, 1157144422500;
430, 407, 1157144422515;
434, 405, 1157144422531;
439, 403, 1157144422547;
442, 401, 1157144422547;
446, 398, 1157144422562;
448, 395, 1157144422578;
449, 393, 1157144422593;
450, 392, 1157144422609;
450, 391, 1157144422625;
450, 390, 1157144422640;
450, 386, 1157144422640;
450, 382, 1157144422656;
450, 375, 1157144422672;
450, 371, 1157144422687;
450, 368, 1157144422703;
450, 367, 1157144422718;
450, 366, 1157144422734;
450, 366, 1157144422843;
