416, 309, 1157144427234;
416, 311, 1157144427359;
416, 314, 1157144427375;
416, 318, 1157144427390;
416, 321, 1157144427406;
416, 326, 1157144427422;
416, 330, 1157144427422;
416, 334, 1157144427437;
416, 338, 1157144427453;
417, 343, 1157144427468;
419, 347, 1157144427484;
421, 352, 1157144427500;
423, 355, 1157144427515;
426, 357, 1157144427515;
429, 359, 1157144427531;
432, 360, 1157144427547;
435, 360, 1157144427562;
437, 360, 1157144427578;
440, 360, 1157144427593;
443, 358, 1157144427609;
447, 354, 1157144427625;
452, 351, 1157144427625;
456, 348, 1157144427640;
459, 344, 1157144427656;
460, 343, 1157144427672;
461, 342, 1157144427687;
462, 340, 1157144427703;
463, 336, 1157144427703;
464, 333, 1157144427718;
465, 330, 1157144427734;
465, 327, 1157144427750;
465, 325, 1157144427765;
465, 323, 1157144427781;
465, 322, 1157144427906;
465, 322, 1157144427968;
