413, 308, 1157144432937;
413, 309, 1157144433047;
414, 314, 1157144433062;
415, 319, 1157144433078;
416, 325, 1157144433093;
417, 334, 1157144433109;
417, 344, 1157144433125;
419, 351, 1157144433140;
421, 358, 1157144433140;
423, 365, 1157144433156;
424, 369, 1157144433172;
427, 373, 1157144433187;
429, 375, 1157144433203;
431, 376, 1157144433218;
433, 376, 1157144433234;
436, 376, 1157144433234;
439, 374, 1157144433250;
444, 372, 1157144433265;
447, 369, 1157144433281;
451, 366, 1157144433297;
454, 362, 1157144433312;
457, 358, 1157144433328;
460, 353, 1157144433328;
461, 350, 1157144433343;
461, 348, 1157144433359;
461, 347, 1157144433375;
461, 344, 1157144433390;
461, 339, 1157144433406;
462, 332, 1157144433422;
463, 328, 1157144433422;
463, 325, 1157144433437;
463, 324, 1157144433453;
463, 323, 1157144433484;
463, 321, 1157144433609;
463, 321, 1157144433656;
