412, 315, 1157144439390;
412, 316, 1157144439406;
412, 318, 1157144439422;
412, 322, 1157144439437;
412, 326, 1157144439437;
412, 331, 1157144439453;
412, 338, 1157144439468;
412, 342, 1157144439484;
412, 348, 1157144439500;
413, 352, 1157144439515;
415, 357, 1157144439515;
418, 361, 1157144439531;
423, 365, 1157144439547;
427, 368, 1157144439562;
430, 369, 1157144439578;
433, 369, 1157144439593;
437, 369, 1157144439609;
441, 368, 1157144439625;
445, 365, 1157144439625;
451, 363, 1157144439640;
456, 360, 1157144439656;
459, 357, 1157144439672;
464, 353, 1157144439687;
467, 348, 1157144439703;
469, 345, 1157144439718;
469, 343, 1157144439718;
469, 341, 1157144439734;
470, 338, 1157144439750;
470, 334, 1157144439765;
470, 327, 1157144439781;
470, 322, 1157144439797;
470, 319, 1157144439812;
470, 316, 1157144439812;
470, 316, 1157144439937;
