619, 276, 1157691652593;
619, 277, 1157691652687;
619, 278, 1157691652703;
619, 279, 1157691652718;
619, 282, 1157691652734;
619, 285, 1157691652750;
619, 288, 1157691652750;
619, 291, 1157691652765;
619, 295, 1157691652781;
619, 298, 1157691652797;
618, 302, 1157691652812;
617, 307, 1157691652828;
615, 311, 1157691652843;
613, 314, 1157691652843;
612, 317, 1157691652859;
610, 319, 1157691652875;
608, 321, 1157691652890;
605, 324, 1157691652906;
603, 325, 1157691652922;
600, 327, 1157691652937;
597, 328, 1157691652953;
594, 330, 1157691652953;
591, 330, 1157691652968;
587, 330, 1157691652984;
584, 330, 1157691653000;
581, 330, 1157691653015;
579, 329, 1157691653031;
577, 327, 1157691653031;
576, 324, 1157691653047;
574, 322, 1157691653062;
573, 320, 1157691653078;
573, 318, 1157691653093;
571, 314, 1157691653109;
570, 310, 1157691653125;
570, 306, 1157691653125;
569, 303, 1157691653140;
569, 300, 1157691653156;
568, 298, 1157691653172;
568, 296, 1157691653187;
568, 293, 1157691653203;
568, 289, 1157691653218;
568, 285, 1157691653218;
568, 283, 1157691653234;
568, 282, 1157691653250;
568, 281, 1157691653265;
567, 281, 1157691653312;
566, 281, 1157691653359;
566, 281, 1157691653375;
