537, 258, 1157691672953;
537, 261, 1157691672984;
537, 266, 1157691673000;
537, 273, 1157691673015;
537, 282, 1157691673031;
537, 292, 1157691673047;
537, 301, 1157691673062;
537, 308, 1157691673078;
538, 316, 1157691673078;
540, 324, 1157691673093;
543, 331, 1157691673109;
546, 336, 1157691673125;
550, 340, 1157691673140;
552, 341, 1157691673156;
554, 342, 1157691673172;
555, 342, 1157691673187;
557, 339, 1157691673187;
561, 334, 1157691673203;
565, 327, 1157691673218;
570, 319, 1157691673234;
574, 311, 1157691673250;
577, 305, 1157691673265;
578, 301, 1157691673265;
578, 297, 1157691673281;
579, 292, 1157691673297;
579, 288, 1157691673312;
579, 285, 1157691673328;
579, 281, 1157691673343;
579, 279, 1157691673359;
579, 276, 1157691673359;
579, 274, 1157691673375;
579, 272, 1157691673390;
578, 270, 1157691673406;
578, 268, 1157691673422;
577, 267, 1157691673453;
577, 268, 1157691673547;
577, 270, 1157691673562;
577, 275, 1157691673578;
577, 280, 1157691673593;
578, 286, 1157691673609;
579, 292, 1157691673625;
581, 299, 1157691673640;
582, 308, 1157691673656;
584, 313, 1157691673656;
586, 319, 1157691673672;
588, 322, 1157691673687;
590, 326, 1157691673703;
591, 328, 1157691673718;
593, 330, 1157691673734;
597, 332, 1157691673750;
600, 332, 1157691673750;
604, 332, 1157691673765;
604, 332, 1157691673765;
