428, 325, 1157144356406;
428, 327, 1157144356578;
428, 329, 1157144356578;
428, 332, 1157144356593;
428, 336, 1157144356609;
428, 343, 1157144356625;
429, 350, 1157144356640;
430, 356, 1157144356656;
432, 362, 1157144356656;
434, 368, 1157144356672;
437, 371, 1157144356687;
438, 374, 1157144356703;
441, 374, 1157144356718;
443, 374, 1157144356734;
446, 374, 1157144356750;
448, 372, 1157144356765;
452, 368, 1157144356765;
458, 364, 1157144356781;
463, 360, 1157144356797;
466, 355, 1157144356812;
468, 353, 1157144356828;
469, 348, 1157144356843;
471, 343, 1157144356859;
471, 336, 1157144356859;
471, 332, 1157144356875;
471, 329, 1157144356890;
471, 327, 1157144356906;
471, 325, 1157144356922;
471, 323, 1157144356937;
471, 322, 1157144356953;
471, 322, 1157144357000;
