582, 278, 1157691682515;
582, 279, 1157691682672;
582, 280, 1157691682687;
582, 282, 1157691682703;
582, 283, 1157691682703;
582, 286, 1157691682718;
582, 288, 1157691682734;
582, 289, 1157691682750;
582, 292, 1157691682765;
582, 294, 1157691682781;
582, 296, 1157691682797;
582, 297, 1157691682797;
582, 298, 1157691682828;
581, 299, 1157691682859;
580, 300, 1157691682875;
580, 302, 1157691682890;
578, 303, 1157691682890;
578, 304, 1157691682906;
576, 305, 1157691682922;
576, 306, 1157691682937;
574, 307, 1157691682953;
574, 308, 1157691682968;
572, 309, 1157691682984;
572, 310, 1157691682984;
571, 310, 1157691683000;
571, 311, 1157691683015;
570, 311, 1157691683031;
569, 311, 1157691683062;
569, 312, 1157691683078;
568, 312, 1157691683093;
567, 312, 1157691683093;
566, 312, 1157691683140;
563, 312, 1157691683187;
562, 312, 1157691683187;
560, 312, 1157691683203;
559, 312, 1157691683218;
557, 312, 1157691683234;
557, 311, 1157691683250;
555, 310, 1157691683265;
555, 309, 1157691683281;
555, 308, 1157691683281;
554, 306, 1157691683297;
553, 304, 1157691683312;
553, 303, 1157691683328;
552, 301, 1157691683343;
552, 299, 1157691683359;
552, 298, 1157691683375;
552, 297, 1157691683390;
551, 296, 1157691683406;
551, 295, 1157691683422;
551, 293, 1157691683453;
551, 291, 1157691683468;
551, 290, 1157691683468;
551, 288, 1157691683531;
551, 287, 1157691683562;
551, 286, 1157691683578;
551, 285, 1157691683578;
551, 284, 1157691683593;
551, 283, 1157691683625;
551, 282, 1157691683640;
551, 281, 1157691683656;
551, 279, 1157691683656;
551, 279, 1157691683875;
