408, 309, 1157144361172;
408, 311, 1157144361250;
408, 314, 1157144361265;
408, 319, 1157144361281;
408, 325, 1157144361297;
408, 333, 1157144361312;
408, 341, 1157144361328;
408, 348, 1157144361328;
408, 354, 1157144361343;
409, 359, 1157144361359;
411, 364, 1157144361375;
414, 369, 1157144361390;
416, 370, 1157144361406;
419, 372, 1157144361422;
424, 373, 1157144361437;
429, 373, 1157144361437;
436, 373, 1157144361453;
443, 369, 1157144361468;
449, 363, 1157144361484;
456, 355, 1157144361500;
461, 346, 1157144361515;
464, 338, 1157144361531;
467, 329, 1157144361531;
469, 321, 1157144361547;
470, 313, 1157144361562;
470, 306, 1157144361578;
470, 302, 1157144361593;
469, 299, 1157144361609;
468, 298, 1157144361625;
468, 298, 1157144361640;
