406, 286, 1157144366265;
407, 287, 1157144366312;
407, 290, 1157144366312;
407, 292, 1157144366328;
407, 295, 1157144366343;
408, 299, 1157144366359;
408, 303, 1157144366375;
408, 309, 1157144366390;
409, 314, 1157144366406;
409, 320, 1157144366406;
409, 324, 1157144366422;
410, 329, 1157144366437;
412, 333, 1157144366453;
413, 339, 1157144366468;
416, 343, 1157144366484;
418, 348, 1157144366500;
421, 350, 1157144366515;
426, 352, 1157144366515;
430, 353, 1157144366531;
434, 353, 1157144366547;
438, 353, 1157144366562;
441, 353, 1157144366578;
443, 352, 1157144366593;
447, 350, 1157144366609;
449, 348, 1157144366609;
453, 343, 1157144366625;
454, 340, 1157144366640;
455, 338, 1157144366656;
455, 335, 1157144366672;
455, 328, 1157144366687;
455, 321, 1157144366703;
455, 315, 1157144366703;
455, 305, 1157144366718;
455, 299, 1157144366734;
454, 293, 1157144366750;
454, 291, 1157144366765;
454, 290, 1157144366781;
453, 289, 1157144366797;
452, 289, 1157144366812;
452, 289, 1157144366890;
