417, 289, 1157144370953;
418, 290, 1157144370984;
418, 294, 1157144370984;
418, 300, 1157144371000;
418, 312, 1157144371015;
418, 323, 1157144371031;
416, 336, 1157144371047;
416, 346, 1157144371062;
416, 352, 1157144371078;
416, 357, 1157144371078;
416, 361, 1157144371093;
416, 363, 1157144371109;
419, 366, 1157144371125;
422, 369, 1157144371140;
424, 371, 1157144371156;
429, 372, 1157144371172;
432, 374, 1157144371172;
435, 374, 1157144371187;
438, 375, 1157144371203;
442, 375, 1157144371218;
445, 375, 1157144371234;
450, 373, 1157144371250;
453, 369, 1157144371265;
456, 366, 1157144371265;
457, 363, 1157144371281;
459, 359, 1157144371297;
461, 355, 1157144371312;
462, 352, 1157144371328;
464, 343, 1157144371343;
465, 338, 1157144371359;
465, 335, 1157144371359;
466, 332, 1157144371375;
467, 327, 1157144371390;
467, 325, 1157144371406;
467, 323, 1157144371422;
467, 317, 1157144371437;
467, 311, 1157144371453;
467, 306, 1157144371468;
467, 304, 1157144371468;
467, 302, 1157144371484;
467, 300, 1157144371500;
467, 298, 1157144371515;
467, 296, 1157144371547;
467, 293, 1157144371547;
467, 291, 1157144371562;
467, 290, 1157144371593;
467, 290, 1157144371625;
