399, 303, 1157144377328;
400, 303, 1157144377343;
401, 304, 1157144377375;
402, 306, 1157144377390;
402, 310, 1157144377390;
402, 317, 1157144377406;
402, 326, 1157144377422;
402, 337, 1157144377437;
403, 346, 1157144377453;
404, 358, 1157144377468;
407, 369, 1157144377484;
411, 379, 1157144377500;
416, 385, 1157144377500;
421, 389, 1157144377515;
424, 390, 1157144377531;
430, 388, 1157144377547;
436, 384, 1157144377562;
443, 377, 1157144377578;
450, 369, 1157144377578;
457, 357, 1157144377593;
461, 345, 1157144377609;
466, 333, 1157144377625;
467, 319, 1157144377640;
468, 309, 1157144377656;
468, 303, 1157144377672;
468, 300, 1157144377687;
468, 299, 1157144377687;
467, 299, 1157144377718;
467, 299, 1157144377718;
