382, 316, 1157144382328;
382, 318, 1157144382343;
382, 320, 1157144382359;
383, 323, 1157144382359;
383, 328, 1157144382375;
383, 336, 1157144382390;
383, 343, 1157144382406;
384, 353, 1157144382422;
384, 362, 1157144382437;
386, 370, 1157144382453;
388, 377, 1157144382453;
391, 383, 1157144382468;
394, 387, 1157144382484;
398, 389, 1157144382500;
402, 389, 1157144382515;
406, 389, 1157144382531;
411, 386, 1157144382547;
413, 382, 1157144382547;
416, 376, 1157144382562;
419, 370, 1157144382578;
422, 362, 1157144382593;
428, 350, 1157144382609;
432, 337, 1157144382625;
434, 325, 1157144382640;
437, 314, 1157144382656;
439, 306, 1157144382656;
439, 301, 1157144382672;
439, 297, 1157144382687;
439, 294, 1157144382703;
439, 293, 1157144382718;
438, 293, 1157144382750;
438, 293, 1157144382750;
