388, 317, 1157144388234;
388, 318, 1157144388312;
388, 319, 1157144388328;
388, 322, 1157144388343;
388, 326, 1157144388359;
388, 330, 1157144388375;
388, 336, 1157144388390;
388, 341, 1157144388390;
388, 345, 1157144388406;
388, 349, 1157144388422;
389, 352, 1157144388437;
391, 355, 1157144388453;
392, 357, 1157144388468;
394, 359, 1157144388484;
395, 361, 1157144388484;
397, 361, 1157144388500;
400, 362, 1157144388515;
401, 362, 1157144388531;
403, 362, 1157144388547;
405, 360, 1157144388562;
408, 358, 1157144388578;
413, 356, 1157144388578;
418, 353, 1157144388593;
421, 349, 1157144388609;
423, 346, 1157144388625;
424, 344, 1157144388640;
425, 341, 1157144388656;
426, 335, 1157144388672;
426, 332, 1157144388672;
426, 329, 1157144388687;
426, 326, 1157144388703;
426, 323, 1157144388718;
426, 321, 1157144388734;
426, 320, 1157144388750;
426, 318, 1157144388765;
426, 318, 1157144388812;
