414, 288, 1157144393734;
414, 291, 1157144393750;
414, 294, 1157144393765;
414, 298, 1157144393781;
414, 303, 1157144393781;
414, 307, 1157144393797;
414, 314, 1157144393812;
414, 321, 1157144393828;
414, 326, 1157144393843;
416, 332, 1157144393859;
417, 335, 1157144393875;
419, 337, 1157144393875;
421, 339, 1157144393890;
423, 340, 1157144393906;
426, 340, 1157144393922;
429, 340, 1157144393937;
433, 338, 1157144393953;
437, 334, 1157144393968;
440, 332, 1157144393968;
442, 329, 1157144393984;
443, 327, 1157144394000;
446, 324, 1157144394015;
449, 318, 1157144394031;
451, 312, 1157144394047;
452, 307, 1157144394062;
453, 302, 1157144394062;
453, 299, 1157144394078;
453, 296, 1157144394093;
453, 291, 1157144394109;
453, 286, 1157144394125;
453, 283, 1157144394140;
453, 282, 1157144394156;
453, 282, 1157144394203;
