599, 310, 1157691126640;
599, 309, 1157691126672;
598, 309, 1157691126718;
597, 309, 1157691126734;
596, 309, 1157691126734;
595, 310, 1157691126750;
594, 313, 1157691126765;
592, 315, 1157691126781;
590, 319, 1157691126797;
588, 326, 1157691126812;
586, 333, 1157691126828;
584, 339, 1157691126828;
583, 345, 1157691126843;
582, 350, 1157691126859;
581, 355, 1157691126875;
581, 358, 1157691126890;
582, 360, 1157691126906;
583, 362, 1157691126922;
585, 364, 1157691126922;
587, 365, 1157691126937;
588, 365, 1157691126953;
591, 365, 1157691126968;
594, 365, 1157691126984;
598, 365, 1157691127000;
604, 364, 1157691127015;
611, 362, 1157691127015;
616, 359, 1157691127031;
621, 355, 1157691127047;
625, 350, 1157691127062;
632, 343, 1157691127078;
632, 343, 1157691127078;
