619, 288, 1157691145734;
615, 293, 1157691145750;
609, 303, 1157691145765;
602, 317, 1157691145781;
596, 332, 1157691145797;
589, 349, 1157691145812;
585, 362, 1157691145812;
582, 371, 1157691145828;
580, 380, 1157691145843;
578, 387, 1157691145859;
578, 392, 1157691145875;
578, 397, 1157691145890;
578, 400, 1157691145906;
580, 403, 1157691145922;
583, 403, 1157691145922;
590, 403, 1157691145937;
596, 400, 1157691145953;
603, 396, 1157691145968;
609, 391, 1157691145984;
615, 385, 1157691146000;
620, 377, 1157691146015;
626, 368, 1157691146015;
628, 362, 1157691146031;
629, 361, 1157691146047;
629, 360, 1157691146062;
629, 360, 1157691146062;
