480, 323, 1157141544468;
480, 327, 1157141544484;
480, 333, 1157141544500;
480, 341, 1157141544515;
478, 350, 1157141544515;
477, 361, 1157141544531;
476, 375, 1157141544547;
475, 389, 1157141544562;
474, 403, 1157141544578;
473, 415, 1157141544593;
471, 424, 1157141544609;
470, 427, 1157141544625;
468, 428, 1157141544640;
466, 428, 1157141544656;
465, 428, 1157141544672;
462, 428, 1157141544687;
460, 427, 1157141544703;
457, 423, 1157141544703;
455, 420, 1157141544718;
452, 417, 1157141544734;
449, 412, 1157141544750;
448, 410, 1157141544765;
448, 408, 1157141544781;
447, 408, 1157141544797;
447, 407, 1157141544812;
447, 405, 1157141544812;
447, 404, 1157141544828;
447, 403, 1157141544843;
447, 403, 1157141544859;
