490, 322, 1157141612140;
490, 324, 1157141612265;
489, 329, 1157141612281;
488, 337, 1157141612297;
485, 348, 1157141612312;
484, 362, 1157141612328;
482, 377, 1157141612328;
481, 389, 1157141612343;
479, 401, 1157141612359;
477, 410, 1157141612375;
475, 417, 1157141612390;
472, 421, 1157141612406;
471, 423, 1157141612422;
469, 424, 1157141612422;
467, 425, 1157141612437;
464, 425, 1157141612453;
462, 426, 1157141612468;
460, 426, 1157141612484;
458, 426, 1157141612500;
458, 425, 1157141612515;
456, 423, 1157141612515;
456, 420, 1157141612531;
456, 414, 1157141612547;
456, 410, 1157141612562;
456, 406, 1157141612578;
456, 405, 1157141612593;
456, 404, 1157141612609;
455, 404, 1157141612625;
455, 404, 1157141612703;
