488, 334, 1157141618515;
488, 335, 1157141618625;
487, 341, 1157141618640;
486, 346, 1157141618656;
485, 356, 1157141618656;
484, 366, 1157141618672;
481, 383, 1157141618687;
480, 403, 1157141618703;
479, 418, 1157141618718;
477, 430, 1157141618734;
475, 439, 1157141618750;
475, 445, 1157141618750;
474, 447, 1157141618765;
473, 449, 1157141618781;
470, 452, 1157141618812;
468, 454, 1157141618828;
467, 454, 1157141618843;
465, 454, 1157141618859;
463, 454, 1157141618859;
461, 452, 1157141618875;
460, 451, 1157141618890;
460, 449, 1157141618906;
459, 445, 1157141618922;
459, 441, 1157141618937;
459, 436, 1157141618953;
458, 432, 1157141618953;
458, 429, 1157141618968;
458, 426, 1157141618984;
458, 425, 1157141619015;
457, 425, 1157141619047;
457, 425, 1157141619062;
