488, 361, 1157141625500;
489, 361, 1157141625531;
489, 362, 1157141625578;
489, 365, 1157141625593;
489, 369, 1157141625609;
489, 375, 1157141625625;
489, 381, 1157141625640;
489, 387, 1157141625656;
489, 391, 1157141625672;
489, 396, 1157141625672;
489, 403, 1157141625687;
488, 410, 1157141625703;
486, 417, 1157141625718;
484, 424, 1157141625734;
483, 431, 1157141625750;
481, 437, 1157141625765;
479, 441, 1157141625765;
478, 444, 1157141625781;
477, 446, 1157141625797;
477, 447, 1157141625812;
476, 447, 1157141625828;
475, 447, 1157141625843;
474, 445, 1157141625859;
472, 443, 1157141625875;
470, 440, 1157141625890;
470, 437, 1157141625906;
469, 434, 1157141625922;
468, 431, 1157141625937;
467, 428, 1157141625953;
467, 426, 1157141625953;
466, 425, 1157141625968;
466, 424, 1157141625984;
466, 423, 1157141626031;
465, 423, 1157141626047;
465, 422, 1157141626062;
465, 422, 1157141626062;
