505, 328, 1157141630625;
505, 329, 1157141630625;
505, 332, 1157141630640;
505, 336, 1157141630656;
505, 341, 1157141630672;
505, 347, 1157141630687;
505, 352, 1157141630703;
505, 358, 1157141630718;
505, 365, 1157141630718;
505, 369, 1157141630734;
505, 373, 1157141630750;
505, 377, 1157141630765;
505, 380, 1157141630781;
505, 383, 1157141630797;
504, 386, 1157141630812;
503, 389, 1157141630812;
502, 391, 1157141630828;
501, 394, 1157141630843;
500, 395, 1157141630859;
499, 395, 1157141630875;
498, 396, 1157141630906;
497, 396, 1157141630922;
495, 396, 1157141630937;
494, 394, 1157141630953;
492, 393, 1157141630968;
491, 391, 1157141630984;
490, 391, 1157141631000;
488, 389, 1157141631000;
487, 388, 1157141631015;
487, 387, 1157141631031;
486, 386, 1157141631047;
486, 384, 1157141631062;
485, 382, 1157141631078;
485, 379, 1157141631093;
485, 376, 1157141631093;
485, 373, 1157141631109;
485, 372, 1157141631125;
485, 371, 1157141631156;
485, 371, 1157141631172;
