521, 316, 1157141636187;
521, 318, 1157141636234;
522, 321, 1157141636250;
523, 327, 1157141636265;
523, 333, 1157141636281;
523, 341, 1157141636281;
523, 349, 1157141636297;
523, 360, 1157141636312;
523, 371, 1157141636328;
523, 384, 1157141636343;
523, 395, 1157141636359;
523, 403, 1157141636359;
523, 407, 1157141636375;
523, 409, 1157141636390;
522, 409, 1157141636406;
521, 409, 1157141636437;
519, 409, 1157141636453;
517, 409, 1157141636468;
516, 409, 1157141636484;
515, 407, 1157141636500;
513, 405, 1157141636515;
512, 402, 1157141636531;
511, 399, 1157141636547;
510, 394, 1157141636562;
510, 391, 1157141636562;
510, 387, 1157141636578;
510, 383, 1157141636593;
510, 380, 1157141636609;
510, 379, 1157141636625;
509, 378, 1157141636640;
508, 378, 1157141636656;
508, 378, 1157141636656;
