492, 314, 1157141642359;
493, 317, 1157141642437;
494, 319, 1157141642453;
496, 323, 1157141642468;
497, 329, 1157141642468;
497, 335, 1157141642484;
497, 343, 1157141642500;
495, 353, 1157141642515;
493, 362, 1157141642531;
490, 371, 1157141642547;
488, 378, 1157141642562;
486, 386, 1157141642562;
484, 396, 1157141642578;
482, 403, 1157141642593;
480, 410, 1157141642609;
478, 416, 1157141642625;
476, 419, 1157141642640;
475, 422, 1157141642656;
474, 423, 1157141642656;
473, 423, 1157141642687;
471, 423, 1157141642703;
469, 421, 1157141642718;
465, 419, 1157141642734;
463, 417, 1157141642750;
462, 415, 1157141642750;
460, 413, 1157141642765;
459, 411, 1157141642781;
458, 409, 1157141642797;
458, 407, 1157141642812;
457, 405, 1157141642828;
457, 403, 1157141642843;
456, 403, 1157141642875;
455, 403, 1157141642906;
455, 403, 1157141642906;
