507, 285, 1157141648218;
507, 286, 1157141648250;
507, 287, 1157141648250;
507, 289, 1157141648265;
507, 292, 1157141648281;
507, 297, 1157141648297;
504, 304, 1157141648312;
503, 312, 1157141648328;
501, 323, 1157141648343;
498, 335, 1157141648343;
497, 346, 1157141648359;
495, 358, 1157141648375;
493, 369, 1157141648390;
490, 380, 1157141648406;
489, 388, 1157141648422;
487, 395, 1157141648422;
486, 399, 1157141648437;
486, 401, 1157141648453;
485, 401, 1157141648468;
482, 398, 1157141648531;
480, 396, 1157141648531;
479, 394, 1157141648547;
477, 391, 1157141648562;
477, 388, 1157141648578;
476, 384, 1157141648593;
476, 376, 1157141648609;
476, 370, 1157141648625;
476, 367, 1157141648625;
476, 365, 1157141648640;
476, 364, 1157141648656;
476, 364, 1157141648718;
