502, 280, 1157141653812;
502, 282, 1157141653828;
502, 287, 1157141653843;
502, 293, 1157141653859;
499, 302, 1157141653859;
497, 314, 1157141653875;
496, 324, 1157141653890;
494, 335, 1157141653906;
494, 346, 1157141653922;
492, 358, 1157141653937;
491, 373, 1157141653953;
490, 386, 1157141653953;
488, 398, 1157141653968;
487, 406, 1157141653984;
485, 411, 1157141654000;
484, 413, 1157141654015;
483, 413, 1157141654047;
480, 413, 1157141654047;
476, 411, 1157141654062;
473, 407, 1157141654078;
471, 405, 1157141654093;
470, 403, 1157141654109;
468, 400, 1157141654125;
467, 395, 1157141654140;
466, 390, 1157141654156;
465, 383, 1157141654156;
465, 378, 1157141654172;
464, 374, 1157141654187;
464, 373, 1157141654203;
464, 372, 1157141654218;
463, 372, 1157141654234;
463, 372, 1157141654265;
