599, 290, 1157691163765;
599, 291, 1157691163781;
599, 295, 1157691163797;
596, 302, 1157691163812;
596, 309, 1157691163828;
594, 317, 1157691163843;
594, 323, 1157691163843;
594, 330, 1157691163859;
592, 338, 1157691163875;
591, 349, 1157691163890;
589, 364, 1157691163906;
585, 385, 1157691163922;
582, 408, 1157691163937;
577, 434, 1157691163937;
573, 463, 1157691163953;
568, 494, 1157691163968;
560, 532, 1157691163984;
553, 556, 1157691164000;
541, 575, 1157691164015;
528, 588, 1157691164031;
518, 595, 1157691164031;
506, 597, 1157691164047;
493, 594, 1157691164062;
482, 588, 1157691164078;
474, 576, 1157691164093;
471, 563, 1157691164109;
469, 548, 1157691164125;
471, 529, 1157691164125;
477, 508, 1157691164140;
488, 482, 1157691164156;
498, 461, 1157691164172;
509, 447, 1157691164187;
520, 438, 1157691164203;
534, 429, 1157691164218;
555, 419, 1157691164218;
572, 411, 1157691164234;
600, 401, 1157691164250;
633, 389, 1157691164265;
667, 376, 1157691164281;
702, 366, 1157691164297;
729, 358, 1157691164312;
743, 353, 1157691164312;
752, 350, 1157691164328;
755, 347, 1157691164343;
761, 340, 1157691164359;
765, 326, 1157691164375;
768, 305, 1157691164390;
768, 305, 1157691164390;
