550, 251, 1157691180093;
547, 261, 1157691180125;
546, 268, 1157691180140;
545, 276, 1157691180156;
544, 284, 1157691180172;
544, 292, 1157691180187;
544, 302, 1157691180203;
542, 311, 1157691180203;
542, 320, 1157691180218;
542, 331, 1157691180234;
542, 343, 1157691180250;
542, 359, 1157691180265;
540, 376, 1157691180281;
538, 397, 1157691180297;
535, 415, 1157691180297;
533, 430, 1157691180312;
529, 442, 1157691180328;
525, 455, 1157691180343;
518, 464, 1157691180359;
511, 472, 1157691180375;
502, 477, 1157691180390;
495, 480, 1157691180390;
489, 482, 1157691180406;
484, 482, 1157691180422;
478, 482, 1157691180437;
473, 480, 1157691180453;
469, 478, 1157691180468;
467, 476, 1157691180484;
465, 473, 1157691180484;
465, 469, 1157691180500;
465, 461, 1157691180515;
465, 452, 1157691180531;
467, 442, 1157691180547;
471, 431, 1157691180562;
475, 423, 1157691180578;
478, 418, 1157691180578;
482, 415, 1157691180593;
483, 411, 1157691180609;
487, 408, 1157691180625;
491, 403, 1157691180640;
496, 398, 1157691180656;
503, 393, 1157691180672;
509, 390, 1157691180672;
515, 387, 1157691180687;
520, 386, 1157691180703;
524, 385, 1157691180718;
528, 385, 1157691180734;
531, 384, 1157691180750;
536, 384, 1157691180765;
543, 384, 1157691180765;
548, 384, 1157691180781;
554, 384, 1157691180797;
559, 383, 1157691180812;
564, 383, 1157691180828;
568, 383, 1157691180843;
572, 382, 1157691180859;
579, 379, 1157691180859;
588, 375, 1157691180875;
596, 372, 1157691180890;
603, 367, 1157691180906;
609, 361, 1157691180922;
618, 353, 1157691180937;
630, 342, 1157691180953;
639, 332, 1157691180953;
647, 322, 1157691180968;
651, 315, 1157691180984;
653, 309, 1157691181000;
655, 302, 1157691181015;
657, 294, 1157691181031;
658, 286, 1157691181047;
659, 278, 1157691181062;
660, 273, 1157691181062;
660, 269, 1157691181078;
660, 267, 1157691181093;
660, 267, 1157691181093;
