483, 311, 1157141560281;
483, 313, 1157141560297;
483, 316, 1157141560312;
483, 318, 1157141560328;
483, 322, 1157141560343;
483, 328, 1157141560343;
483, 333, 1157141560359;
483, 339, 1157141560375;
482, 346, 1157141560390;
482, 351, 1157141560406;
480, 357, 1157141560422;
479, 362, 1157141560437;
476, 368, 1157141560453;
473, 372, 1157141560453;
470, 374, 1157141560468;
465, 376, 1157141560484;
461, 377, 1157141560500;
457, 377, 1157141560515;
454, 377, 1157141560531;
452, 377, 1157141560547;
451, 375, 1157141560547;
450, 374, 1157141560562;
449, 371, 1157141560578;
448, 370, 1157141560593;
447, 369, 1157141560609;
447, 368, 1157141560625;
446, 368, 1157141560656;
446, 368, 1157141560656;
