530, 289, 1157691191250;
530, 285, 1157691191281;
530, 282, 1157691191281;
530, 279, 1157691191297;
530, 287, 1157691191375;
530, 292, 1157691191375;
530, 299, 1157691191390;
530, 310, 1157691191406;
530, 319, 1157691191422;
530, 330, 1157691191437;
530, 341, 1157691191453;
530, 355, 1157691191468;
530, 367, 1157691191468;
527, 395, 1157691191515;
525, 408, 1157691191515;
521, 420, 1157691191531;
517, 430, 1157691191547;
516, 433, 1157691191562;
512, 437, 1157691191578;
509, 438, 1157691191578;
506, 438, 1157691191609;
501, 433, 1157691191640;
500, 429, 1157691191656;
500, 422, 1157691191672;
503, 414, 1157691191687;
505, 405, 1157691191687;
510, 397, 1157691191703;
514, 390, 1157691191718;
519, 384, 1157691191734;
523, 376, 1157691191750;
527, 371, 1157691191765;
532, 367, 1157691191765;
536, 363, 1157691191781;
541, 358, 1157691191797;
547, 354, 1157691191812;
554, 349, 1157691191828;
560, 345, 1157691191843;
564, 341, 1157691191859;
567, 337, 1157691191859;
571, 335, 1157691191875;
573, 330, 1157691191890;
576, 323, 1157691191906;
579, 316, 1157691191922;
581, 310, 1157691191937;
583, 305, 1157691191953;
585, 298, 1157691191953;
585, 298, 1157691191953;
