473, 310, 1157141568500;
473, 311, 1157141568531;
473, 312, 1157141568547;
473, 313, 1157141568562;
473, 315, 1157141568578;
473, 319, 1157141568593;
473, 323, 1157141568609;
473, 329, 1157141568625;
473, 334, 1157141568640;
473, 340, 1157141568656;
472, 347, 1157141568656;
472, 353, 1157141568672;
471, 360, 1157141568687;
470, 366, 1157141568703;
469, 371, 1157141568718;
468, 376, 1157141568734;
466, 380, 1157141568734;
465, 383, 1157141568750;
464, 384, 1157141568765;
464, 385, 1157141568781;
462, 385, 1157141568797;
461, 385, 1157141568812;
460, 385, 1157141568828;
458, 384, 1157141568843;
457, 382, 1157141568843;
456, 381, 1157141568859;
455, 379, 1157141568875;
454, 376, 1157141568890;
453, 373, 1157141568906;
453, 371, 1157141568922;
453, 369, 1157141568937;
453, 368, 1157141568953;
453, 367, 1157141568968;
453, 366, 1157141568984;
453, 364, 1157141569000;
453, 363, 1157141569031;
452, 363, 1157141569125;
452, 363, 1157141569125;
