477, 308, 1157141574218;
476, 310, 1157141574234;
476, 313, 1157141574234;
475, 317, 1157141574250;
474, 322, 1157141574265;
474, 328, 1157141574281;
474, 336, 1157141574297;
472, 345, 1157141574312;
472, 354, 1157141574312;
470, 365, 1157141574328;
470, 377, 1157141574343;
470, 388, 1157141574359;
470, 397, 1157141574375;
468, 405, 1157141574390;
468, 410, 1157141574406;
467, 412, 1157141574422;
466, 412, 1157141574422;
464, 412, 1157141574437;
461, 412, 1157141574453;
457, 410, 1157141574468;
455, 408, 1157141574484;
454, 406, 1157141574500;
453, 404, 1157141574515;
451, 401, 1157141574515;
451, 398, 1157141574531;
451, 396, 1157141574547;
451, 394, 1157141574562;
450, 393, 1157141574578;
450, 392, 1157141574593;
450, 391, 1157141574609;
449, 391, 1157141574656;
448, 391, 1157141574687;
448, 391, 1157141574687;
