465, 323, 1157141580437;
465, 324, 1157141580484;
465, 327, 1157141580500;
465, 330, 1157141580515;
465, 333, 1157141580531;
465, 337, 1157141580531;
465, 341, 1157141580547;
465, 346, 1157141580562;
465, 354, 1157141580578;
465, 361, 1157141580593;
465, 366, 1157141580609;
464, 373, 1157141580625;
463, 376, 1157141580625;
463, 381, 1157141580640;
462, 383, 1157141580656;
460, 385, 1157141580672;
460, 386, 1157141580687;
460, 387, 1157141580703;
459, 387, 1157141580718;
458, 387, 1157141580718;
457, 387, 1157141580734;
456, 387, 1157141580750;
454, 387, 1157141580765;
452, 387, 1157141580781;
451, 386, 1157141580812;
450, 385, 1157141580812;
449, 384, 1157141580828;
448, 382, 1157141580843;
447, 380, 1157141580859;
446, 376, 1157141580875;
445, 372, 1157141580890;
445, 369, 1157141580906;
445, 368, 1157141580906;
445, 367, 1157141580922;
444, 367, 1157141580937;
443, 367, 1157141581000;
443, 367, 1157141581000;
