459, 301, 1157141587015;
460, 301, 1157141587047;
460, 302, 1157141587062;
460, 305, 1157141587078;
460, 309, 1157141587093;
460, 316, 1157141587109;
460, 323, 1157141587109;
460, 332, 1157141587125;
460, 343, 1157141587140;
460, 352, 1157141587156;
460, 363, 1157141587172;
460, 368, 1157141587187;
460, 371, 1157141587187;
460, 372, 1157141587203;
459, 372, 1157141587234;
458, 372, 1157141587250;
458, 373, 1157141587265;
456, 373, 1157141587281;
455, 375, 1157141587297;
453, 376, 1157141587297;
451, 376, 1157141587312;
448, 377, 1157141587328;
446, 377, 1157141587343;
445, 377, 1157141587359;
443, 377, 1157141587375;
441, 377, 1157141587390;
439, 375, 1157141587390;
438, 374, 1157141587406;
437, 371, 1157141587422;
436, 369, 1157141587437;
436, 368, 1157141587453;
436, 367, 1157141587468;
435, 366, 1157141587468;
435, 366, 1157141587578;
