492, 295, 1157141592593;
492, 297, 1157141592609;
492, 300, 1157141592625;
492, 302, 1157141592640;
492, 306, 1157141592656;
492, 310, 1157141592672;
490, 318, 1157141592687;
488, 326, 1157141592703;
486, 338, 1157141592703;
484, 351, 1157141592718;
482, 363, 1157141592734;
481, 372, 1157141592750;
479, 378, 1157141592765;
478, 381, 1157141592781;
477, 383, 1157141592797;
477, 384, 1157141592797;
475, 384, 1157141592812;
474, 386, 1157141592828;
473, 386, 1157141592843;
471, 386, 1157141592859;
470, 386, 1157141592890;
468, 386, 1157141592890;
467, 384, 1157141592906;
465, 382, 1157141592922;
465, 380, 1157141592937;
465, 376, 1157141592953;
465, 372, 1157141592968;
465, 367, 1157141592984;
465, 363, 1157141592984;
465, 360, 1157141593000;
465, 358, 1157141593015;
465, 357, 1157141593031;
465, 356, 1157141593047;
465, 356, 1157141593125;
