508, 311, 1157141599437;
508, 313, 1157141599515;
508, 316, 1157141599531;
508, 320, 1157141599547;
508, 325, 1157141599547;
508, 330, 1157141599562;
508, 337, 1157141599578;
508, 345, 1157141599593;
508, 353, 1157141599609;
508, 361, 1157141599625;
508, 368, 1157141599640;
508, 372, 1157141599656;
508, 374, 1157141599656;
508, 375, 1157141599672;
507, 377, 1157141599687;
505, 378, 1157141599703;
503, 380, 1157141599718;
500, 384, 1157141599734;
498, 386, 1157141599734;
495, 387, 1157141599750;
493, 388, 1157141599765;
491, 388, 1157141599781;
488, 388, 1157141599797;
487, 386, 1157141599812;
486, 385, 1157141599828;
484, 381, 1157141599828;
482, 378, 1157141599843;
482, 375, 1157141599859;
480, 373, 1157141599875;
479, 371, 1157141599890;
479, 370, 1157141599922;
479, 370, 1157141599953;
