506, 309, 1157141605687;
506, 313, 1157141605828;
506, 318, 1157141605843;
506, 323, 1157141605843;
506, 330, 1157141605859;
506, 338, 1157141605875;
506, 347, 1157141605890;
506, 356, 1157141605906;
506, 366, 1157141605922;
506, 372, 1157141605937;
505, 379, 1157141605937;
504, 385, 1157141605953;
502, 391, 1157141605968;
499, 395, 1157141605984;
497, 399, 1157141606000;
496, 400, 1157141606015;
492, 403, 1157141606015;
491, 404, 1157141606031;
489, 406, 1157141606047;
487, 406, 1157141606062;
485, 406, 1157141606078;
484, 406, 1157141606093;
483, 403, 1157141606109;
481, 399, 1157141606125;
480, 393, 1157141606125;
478, 389, 1157141606140;
478, 386, 1157141606156;
477, 385, 1157141606172;
477, 383, 1157141606187;
476, 383, 1157141606312;
476, 383, 1157141606312;
