407, 238, 1157145480484;
408, 238, 1157145480500;
408, 239, 1157145480515;
408, 242, 1157145480515;
409, 245, 1157145480531;
411, 250, 1157145480547;
412, 258, 1157145480562;
414, 266, 1157145480578;
416, 275, 1157145480593;
418, 284, 1157145480609;
420, 293, 1157145480625;
423, 300, 1157145480625;
425, 304, 1157145480640;
427, 307, 1157145480656;
430, 307, 1157145480672;
432, 307, 1157145480687;
435, 303, 1157145480703;
440, 297, 1157145480718;
443, 287, 1157145480718;
447, 275, 1157145480734;
448, 262, 1157145480750;
449, 251, 1157145480765;
449, 243, 1157145480781;
449, 239, 1157145480797;
447, 236, 1157145480812;
446, 234, 1157145480812;
445, 234, 1157145480828;
444, 235, 1157145480859;
444, 236, 1157145480875;
444, 239, 1157145480890;
444, 242, 1157145480906;
444, 248, 1157145480906;
444, 256, 1157145480922;
444, 268, 1157145480937;
444, 284, 1157145480953;
444, 309, 1157145480968;
444, 331, 1157145480984;
444, 347, 1157145481000;
444, 361, 1157145481000;
444, 371, 1157145481015;
441, 378, 1157145481031;
440, 384, 1157145481047;
434, 390, 1157145481062;
428, 395, 1157145481078;
421, 399, 1157145481093;
415, 400, 1157145481093;
412, 400, 1157145481109;
410, 395, 1157145481125;
409, 388, 1157145481140;
409, 379, 1157145481156;
412, 365, 1157145481172;
416, 352, 1157145481187;
423, 340, 1157145481187;
431, 332, 1157145481203;
438, 326, 1157145481218;
444, 324, 1157145481234;
450, 322, 1157145481250;
454, 321, 1157145481265;
459, 320, 1157145481281;
461, 319, 1157145481281;
463, 319, 1157145481312;
464, 318, 1157145481312;
466, 316, 1157145481328;
466, 315, 1157145481343;
466, 315, 1157145481343;
