397, 314, 1157145541000;
397, 316, 1157145541109;
397, 320, 1157145541125;
397, 326, 1157145541140;
397, 333, 1157145541156;
397, 339, 1157145541172;
397, 345, 1157145541172;
397, 350, 1157145541187;
399, 355, 1157145541203;
402, 360, 1157145541218;
404, 362, 1157145541234;
407, 363, 1157145541250;
408, 363, 1157145541265;
409, 363, 1157145541281;
411, 361, 1157145541281;
413, 358, 1157145541297;
423, 325, 1157145541375;
424, 323, 1157145541375;
424, 322, 1157145541390;
424, 323, 1157145541468;
424, 325, 1157145541484;
424, 331, 1157145541500;
422, 339, 1157145541515;
422, 352, 1157145541531;
420, 366, 1157145541547;
419, 380, 1157145541547;
419, 394, 1157145541562;
416, 403, 1157145541578;
416, 409, 1157145541593;
415, 411, 1157145541609;
413, 412, 1157145541625;
412, 413, 1157145541640;
410, 414, 1157145541656;
407, 414, 1157145541656;
404, 414, 1157145541672;
402, 412, 1157145541687;
399, 410, 1157145541703;
399, 408, 1157145541718;
399, 406, 1157145541734;
399, 404, 1157145541750;
400, 401, 1157145541750;
403, 395, 1157145541765;
408, 388, 1157145541781;
412, 382, 1157145541797;
417, 379, 1157145541812;
423, 376, 1157145541828;
428, 375, 1157145541843;
433, 374, 1157145541843;
436, 373, 1157145541859;
438, 373, 1157145541875;
438, 373, 1157145541875;
