428, 292, 1157145546187;
427, 293, 1157145546234;
426, 297, 1157145546250;
426, 300, 1157145546265;
426, 305, 1157145546281;
426, 311, 1157145546281;
426, 318, 1157145546297;
426, 326, 1157145546312;
426, 333, 1157145546328;
426, 338, 1157145546343;
426, 341, 1157145546359;
426, 343, 1157145546375;
427, 343, 1157145546406;
430, 340, 1157145546406;
434, 335, 1157145546422;
440, 329, 1157145546437;
445, 324, 1157145546453;
446, 322, 1157145546468;
448, 319, 1157145546468;
450, 314, 1157145546484;
452, 312, 1157145546500;
453, 308, 1157145546515;
454, 305, 1157145546531;
455, 303, 1157145546547;
455, 302, 1157145546562;
455, 304, 1157145546656;
455, 307, 1157145546656;
455, 314, 1157145546672;
453, 324, 1157145546687;
451, 339, 1157145546703;
449, 354, 1157145546718;
446, 369, 1157145546734;
444, 380, 1157145546750;
442, 385, 1157145546765;
442, 387, 1157145546765;
440, 388, 1157145546781;
437, 388, 1157145546797;
434, 388, 1157145546812;
431, 385, 1157145546828;
429, 383, 1157145546843;
426, 379, 1157145546859;
425, 377, 1157145546859;
425, 376, 1157145546875;
425, 375, 1157145546890;
428, 370, 1157145546922;
435, 362, 1157145546937;
444, 355, 1157145546953;
453, 347, 1157145546953;
460, 341, 1157145546968;
467, 338, 1157145546984;
472, 337, 1157145547000;
475, 337, 1157145547015;
476, 337, 1157145547031;
476, 337, 1157145547031;
