401, 316, 1157145551890;
401, 324, 1157145552047;
403, 331, 1157145552062;
403, 337, 1157145552078;
403, 344, 1157145552078;
404, 350, 1157145552093;
406, 353, 1157145552109;
409, 357, 1157145552125;
413, 359, 1157145552140;
417, 359, 1157145552156;
422, 357, 1157145552172;
425, 353, 1157145552172;
429, 347, 1157145552187;
433, 339, 1157145552203;
435, 332, 1157145552218;
435, 327, 1157145552234;
436, 323, 1157145552250;
436, 321, 1157145552265;
436, 320, 1157145552265;
436, 322, 1157145552343;
436, 325, 1157145552359;
436, 330, 1157145552359;
436, 338, 1157145552375;
434, 347, 1157145552390;
433, 358, 1157145552406;
432, 374, 1157145552422;
431, 392, 1157145552437;
430, 409, 1157145552453;
428, 418, 1157145552453;
427, 423, 1157145552468;
425, 424, 1157145552484;
424, 424, 1157145552500;
421, 424, 1157145552515;
418, 421, 1157145552531;
414, 418, 1157145552547;
412, 415, 1157145552547;
411, 411, 1157145552562;
410, 408, 1157145552578;
410, 403, 1157145552593;
411, 398, 1157145552609;
416, 390, 1157145552625;
420, 385, 1157145552640;
426, 379, 1157145552656;
432, 373, 1157145552656;
439, 368, 1157145552672;
446, 364, 1157145552687;
452, 361, 1157145552703;
456, 359, 1157145552718;
459, 358, 1157145552734;
461, 358, 1157145552734;
461, 358, 1157145552750;
