400, 276, 1157145558265;
399, 278, 1157145558328;
399, 281, 1157145558343;
399, 284, 1157145558359;
399, 288, 1157145558359;
399, 293, 1157145558375;
399, 300, 1157145558390;
400, 307, 1157145558406;
402, 311, 1157145558422;
404, 314, 1157145558437;
405, 315, 1157145558453;
407, 316, 1157145558453;
408, 316, 1157145558468;
409, 316, 1157145558484;
411, 314, 1157145558500;
415, 311, 1157145558515;
419, 303, 1157145558531;
424, 294, 1157145558547;
427, 286, 1157145558547;
428, 281, 1157145558562;
428, 279, 1157145558578;
428, 277, 1157145558593;
428, 278, 1157145558656;
428, 280, 1157145558672;
428, 284, 1157145558687;
428, 292, 1157145558703;
428, 300, 1157145558718;
428, 312, 1157145558734;
428, 323, 1157145558734;
428, 333, 1157145558750;
426, 341, 1157145558765;
426, 346, 1157145558781;
424, 349, 1157145558797;
423, 350, 1157145558812;
419, 351, 1157145558828;
416, 352, 1157145558843;
413, 352, 1157145558843;
411, 352, 1157145558859;
410, 350, 1157145558875;
409, 349, 1157145558890;
409, 347, 1157145558906;
409, 345, 1157145558922;
409, 342, 1157145558937;
409, 339, 1157145558937;
413, 333, 1157145558953;
417, 328, 1157145558968;
423, 322, 1157145558984;
431, 318, 1157145559000;
438, 314, 1157145559015;
444, 312, 1157145559031;
448, 310, 1157145559031;
450, 310, 1157145559047;
452, 309, 1157145559062;
452, 309, 1157145559078;
