406, 284, 1157145563922;
407, 285, 1157145564000;
407, 287, 1157145564000;
407, 292, 1157145564015;
407, 299, 1157145564031;
407, 304, 1157145564047;
407, 311, 1157145564062;
407, 318, 1157145564078;
408, 325, 1157145564093;
410, 329, 1157145564093;
412, 333, 1157145564109;
413, 334, 1157145564125;
416, 334, 1157145564140;
420, 334, 1157145564156;
426, 331, 1157145564172;
431, 326, 1157145564187;
435, 318, 1157145564187;
438, 310, 1157145564203;
441, 302, 1157145564218;
441, 296, 1157145564234;
442, 292, 1157145564250;
442, 290, 1157145564265;
442, 292, 1157145564328;
442, 294, 1157145564343;
442, 298, 1157145564359;
442, 306, 1157145564375;
442, 315, 1157145564375;
440, 327, 1157145564390;
440, 340, 1157145564406;
437, 355, 1157145564422;
436, 370, 1157145564437;
433, 382, 1157145564453;
430, 392, 1157145564468;
425, 399, 1157145564468;
418, 404, 1157145564484;
411, 409, 1157145564500;
404, 409, 1157145564515;
400, 409, 1157145564531;
396, 406, 1157145564547;
396, 403, 1157145564562;
395, 400, 1157145564578;
395, 394, 1157145564578;
398, 386, 1157145564593;
403, 374, 1157145564609;
412, 363, 1157145564625;
421, 356, 1157145564640;
427, 352, 1157145564656;
433, 349, 1157145564672;
436, 347, 1157145564672;
441, 345, 1157145564687;
444, 344, 1157145564703;
444, 344, 1157145564703;
