437, 293, 1157145571422;
437, 292, 1157145571437;
438, 294, 1157145571484;
439, 296, 1157145571500;
439, 298, 1157145571515;
440, 302, 1157145571531;
441, 308, 1157145571547;
441, 312, 1157145571562;
441, 318, 1157145571578;
442, 323, 1157145571593;
444, 328, 1157145571593;
447, 331, 1157145571609;
449, 333, 1157145571625;
452, 333, 1157145571640;
455, 333, 1157145571656;
458, 331, 1157145571672;
461, 327, 1157145571687;
464, 322, 1157145571687;
466, 315, 1157145571703;
467, 308, 1157145571718;
468, 305, 1157145571734;
468, 303, 1157145571750;
468, 304, 1157145571797;
468, 306, 1157145571812;
468, 309, 1157145571828;
468, 315, 1157145571843;
468, 323, 1157145571859;
468, 334, 1157145571875;
468, 346, 1157145571875;
466, 359, 1157145571890;
465, 368, 1157145571906;
464, 376, 1157145571922;
464, 380, 1157145571937;
461, 384, 1157145571953;
458, 388, 1157145571968;
453, 392, 1157145571968;
446, 394, 1157145571984;
441, 394, 1157145572000;
436, 392, 1157145572015;
435, 387, 1157145572031;
435, 380, 1157145572047;
440, 368, 1157145572062;
448, 355, 1157145572062;
458, 343, 1157145572078;
465, 335, 1157145572093;
472, 331, 1157145572109;
476, 328, 1157145572125;
482, 327, 1157145572140;
486, 327, 1157145572156;
489, 327, 1157145572156;
489, 327, 1157145572156;
