389, 319, 1157145577297;
390, 319, 1157145577312;
390, 320, 1157145577343;
390, 322, 1157145577359;
390, 324, 1157145577375;
390, 327, 1157145577390;
391, 333, 1157145577406;
391, 338, 1157145577422;
391, 344, 1157145577437;
392, 349, 1157145577437;
392, 353, 1157145577453;
393, 357, 1157145577468;
395, 359, 1157145577484;
396, 361, 1157145577500;
398, 363, 1157145577515;
400, 363, 1157145577531;
402, 363, 1157145577531;
405, 361, 1157145577547;
407, 359, 1157145577562;
409, 356, 1157145577578;
410, 351, 1157145577593;
411, 347, 1157145577609;
411, 342, 1157145577625;
411, 339, 1157145577625;
411, 338, 1157145577656;
411, 340, 1157145577718;
411, 344, 1157145577718;
411, 351, 1157145577734;
408, 362, 1157145577750;
405, 379, 1157145577765;
400, 410, 1157145577781;
395, 431, 1157145577797;
392, 445, 1157145577812;
390, 451, 1157145577812;
389, 453, 1157145577828;
388, 453, 1157145577843;
386, 453, 1157145577859;
383, 451, 1157145577875;
380, 447, 1157145577890;
379, 444, 1157145577906;
378, 442, 1157145577922;
378, 438, 1157145577922;
378, 430, 1157145577937;
381, 422, 1157145577953;
385, 416, 1157145577968;
388, 412, 1157145577984;
392, 410, 1157145578000;
396, 408, 1157145578000;
402, 407, 1157145578015;
407, 406, 1157145578031;
413, 405, 1157145578047;
419, 402, 1157145578062;
423, 400, 1157145578078;
426, 398, 1157145578093;
426, 398, 1157145578093;
