402, 298, 1157145583047;
402, 301, 1157145583140;
402, 305, 1157145583156;
402, 311, 1157145583172;
402, 316, 1157145583187;
403, 324, 1157145583187;
404, 332, 1157145583203;
406, 339, 1157145583218;
409, 344, 1157145583234;
411, 346, 1157145583250;
412, 347, 1157145583265;
414, 347, 1157145583281;
418, 344, 1157145583297;
422, 340, 1157145583297;
427, 334, 1157145583312;
430, 328, 1157145583328;
435, 321, 1157145583343;
437, 313, 1157145583359;
439, 307, 1157145583375;
439, 305, 1157145583390;
439, 303, 1157145583390;
438, 304, 1157145583484;
438, 308, 1157145583484;
436, 312, 1157145583500;
436, 318, 1157145583515;
436, 326, 1157145583531;
434, 335, 1157145583547;
434, 347, 1157145583562;
434, 362, 1157145583578;
434, 374, 1157145583578;
434, 382, 1157145583593;
434, 387, 1157145583609;
434, 388, 1157145583625;
434, 390, 1157145583640;
431, 393, 1157145583656;
428, 394, 1157145583672;
423, 395, 1157145583672;
418, 395, 1157145583687;
413, 391, 1157145583703;
411, 387, 1157145583718;
410, 384, 1157145583734;
409, 382, 1157145583750;
409, 379, 1157145583765;
410, 375, 1157145583765;
416, 366, 1157145583781;
423, 357, 1157145583797;
431, 349, 1157145583812;
435, 343, 1157145583828;
440, 340, 1157145583843;
442, 339, 1157145583859;
443, 339, 1157145583859;
444, 339, 1157145583875;
444, 339, 1157145583875;
