528, 282, 1157691854109;
529, 286, 1157691854218;
530, 288, 1157691854234;
531, 292, 1157691854250;
532, 298, 1157691854250;
533, 303, 1157691854265;
535, 309, 1157691854281;
536, 314, 1157691854297;
539, 317, 1157691854312;
542, 321, 1157691854328;
544, 322, 1157691854343;
546, 323, 1157691854359;
548, 323, 1157691854359;
550, 323, 1157691854375;
552, 321, 1157691854390;
554, 319, 1157691854406;
558, 315, 1157691854422;
561, 309, 1157691854437;
564, 302, 1157691854453;
567, 295, 1157691854453;
569, 287, 1157691854468;
570, 282, 1157691854484;
570, 279, 1157691854500;
570, 277, 1157691854515;
570, 276, 1157691854531;
569, 275, 1157691854547;
568, 275, 1157691854562;
568, 276, 1157691854625;
568, 277, 1157691854640;
568, 279, 1157691854656;
568, 282, 1157691854672;
568, 286, 1157691854687;
568, 290, 1157691854703;
568, 293, 1157691854718;
568, 296, 1157691854718;
568, 299, 1157691854734;
568, 301, 1157691854750;
568, 304, 1157691854765;
568, 306, 1157691854781;
568, 308, 1157691854797;
568, 310, 1157691854812;
568, 313, 1157691854828;
568, 317, 1157691854828;
568, 324, 1157691854843;
565, 332, 1157691854859;
562, 340, 1157691854875;
557, 351, 1157691854890;
552, 362, 1157691854906;
547, 370, 1157691854922;
543, 377, 1157691854922;
538, 382, 1157691854937;
533, 386, 1157691854953;
527, 389, 1157691854968;
520, 391, 1157691854984;
515, 392, 1157691855000;
512, 392, 1157691855015;
508, 392, 1157691855015;
505, 390, 1157691855031;
504, 389, 1157691855047;
503, 387, 1157691855062;
502, 386, 1157691855078;
502, 385, 1157691855093;
502, 381, 1157691855109;
502, 376, 1157691855109;
504, 370, 1157691855125;
506, 366, 1157691855140;
509, 361, 1157691855156;
513, 357, 1157691855172;
517, 352, 1157691855187;
523, 345, 1157691855203;
529, 340, 1157691855203;
534, 337, 1157691855218;
537, 335, 1157691855234;
542, 332, 1157691855250;
545, 331, 1157691855265;
551, 329, 1157691855281;
559, 327, 1157691855297;
567, 326, 1157691855297;
577, 325, 1157691855312;
585, 325, 1157691855328;
595, 325, 1157691855343;
605, 325, 1157691855359;
613, 325, 1157691855375;
618, 325, 1157691855390;
621, 325, 1157691855406;
623, 324, 1157691855406;
625, 322, 1157691855422;
626, 317, 1157691855437;
628, 310, 1157691855453;
628, 310, 1157691855484;
