539, 273, 1157691868390;
539, 274, 1157691868422;
539, 276, 1157691868437;
539, 280, 1157691868453;
539, 285, 1157691868468;
539, 291, 1157691868484;
539, 297, 1157691868484;
539, 304, 1157691868500;
539, 311, 1157691868515;
540, 317, 1157691868531;
541, 322, 1157691868547;
543, 328, 1157691868562;
545, 333, 1157691868578;
547, 335, 1157691868578;
550, 336, 1157691868593;
554, 336, 1157691868609;
557, 336, 1157691868625;
560, 334, 1157691868640;
564, 330, 1157691868656;
565, 328, 1157691868672;
567, 326, 1157691868672;
568, 323, 1157691868687;
569, 320, 1157691868703;
570, 316, 1157691868718;
571, 312, 1157691868734;
571, 308, 1157691868750;
571, 302, 1157691868765;
571, 297, 1157691868765;
571, 292, 1157691868781;
571, 289, 1157691868797;
571, 286, 1157691868812;
571, 285, 1157691868843;
571, 286, 1157691868922;
571, 288, 1157691868937;
571, 292, 1157691868953;
571, 297, 1157691868968;
571, 302, 1157691868968;
572, 311, 1157691868984;
572, 319, 1157691869000;
572, 327, 1157691869015;
572, 332, 1157691869031;
572, 338, 1157691869047;
572, 343, 1157691869047;
572, 347, 1157691869062;
572, 353, 1157691869078;
572, 357, 1157691869093;
572, 362, 1157691869109;
572, 368, 1157691869125;
571, 373, 1157691869140;
569, 378, 1157691869140;
566, 381, 1157691869156;
564, 385, 1157691869172;
560, 387, 1157691869187;
556, 387, 1157691869203;
552, 387, 1157691869218;
546, 387, 1157691869234;
542, 384, 1157691869234;
539, 380, 1157691869250;
537, 377, 1157691869265;
537, 370, 1157691869281;
537, 365, 1157691869297;
537, 359, 1157691869312;
539, 352, 1157691869328;
541, 348, 1157691869328;
545, 342, 1157691869343;
550, 336, 1157691869359;
558, 330, 1157691869375;
564, 327, 1157691869390;
570, 324, 1157691869406;
575, 322, 1157691869422;
581, 322, 1157691869437;
588, 321, 1157691869437;
594, 319, 1157691869453;
601, 316, 1157691869468;
607, 312, 1157691869484;
612, 305, 1157691869500;
616, 299, 1157691869515;
620, 292, 1157691869531;
623, 282, 1157691869531;
625, 272, 1157691869547;
629, 261, 1157691869562;
631, 251, 1157691869578;
631, 251, 1157691869578;
