368, 253, 1157145494906;
367, 256, 1157145494984;
366, 260, 1157145495000;
366, 267, 1157145495015;
366, 275, 1157145495031;
366, 281, 1157145495047;
366, 288, 1157145495062;
366, 292, 1157145495062;
367, 298, 1157145495078;
368, 301, 1157145495093;
370, 303, 1157145495109;
373, 304, 1157145495125;
376, 304, 1157145495140;
380, 301, 1157145495156;
386, 296, 1157145495156;
391, 290, 1157145495172;
396, 282, 1157145495187;
401, 273, 1157145495203;
405, 264, 1157145495218;
406, 257, 1157145495234;
407, 253, 1157145495250;
407, 252, 1157145495250;
407, 250, 1157145495265;
407, 252, 1157145495328;
405, 258, 1157145495343;
403, 267, 1157145495359;
400, 279, 1157145495359;
399, 294, 1157145495375;
397, 311, 1157145495390;
396, 331, 1157145495406;
394, 348, 1157145495422;
391, 360, 1157145495437;
389, 370, 1157145495437;
387, 373, 1157145495453;
386, 375, 1157145495468;
381, 378, 1157145495484;
375, 378, 1157145495500;
369, 378, 1157145495515;
366, 375, 1157145495531;
361, 370, 1157145495531;
359, 367, 1157145495547;
359, 364, 1157145495562;
359, 362, 1157145495578;
359, 360, 1157145495593;
361, 355, 1157145495609;
370, 343, 1157145495625;
385, 330, 1157145495640;
395, 323, 1157145495640;
401, 321, 1157145495656;
405, 321, 1157145495672;
409, 322, 1157145495687;
412, 323, 1157145495703;
415, 325, 1157145495718;
417, 325, 1157145495734;
418, 325, 1157145495734;
420, 325, 1157145495750;
420, 325, 1157145495797;
