507, 265, 1157691890922;
507, 267, 1157691890953;
508, 270, 1157691890953;
508, 276, 1157691890968;
508, 280, 1157691890984;
508, 285, 1157691891000;
508, 292, 1157691891015;
508, 299, 1157691891031;
508, 305, 1157691891047;
508, 313, 1157691891047;
508, 320, 1157691891062;
508, 328, 1157691891078;
508, 334, 1157691891093;
511, 338, 1157691891109;
516, 342, 1157691891125;
519, 343, 1157691891140;
523, 343, 1157691891156;
526, 343, 1157691891156;
529, 341, 1157691891172;
531, 338, 1157691891187;
533, 333, 1157691891203;
535, 329, 1157691891218;
537, 323, 1157691891234;
538, 316, 1157691891234;
539, 310, 1157691891250;
539, 305, 1157691891265;
539, 299, 1157691891281;
539, 296, 1157691891297;
539, 293, 1157691891312;
539, 291, 1157691891328;
539, 289, 1157691891343;
538, 289, 1157691891343;
538, 288, 1157691891359;
538, 287, 1157691891375;
537, 287, 1157691891406;
537, 288, 1157691891515;
537, 291, 1157691891515;
537, 295, 1157691891531;
537, 299, 1157691891547;
537, 307, 1157691891562;
537, 315, 1157691891578;
537, 323, 1157691891593;
535, 331, 1157691891609;
533, 339, 1157691891625;
531, 349, 1157691891625;
528, 357, 1157691891640;
526, 364, 1157691891656;
524, 370, 1157691891672;
520, 376, 1157691891687;
516, 382, 1157691891703;
510, 386, 1157691891718;
505, 389, 1157691891718;
501, 391, 1157691891734;
498, 391, 1157691891750;
496, 391, 1157691891765;
494, 391, 1157691891781;
493, 391, 1157691891797;
493, 390, 1157691891812;
493, 389, 1157691891828;
493, 387, 1157691891843;
493, 385, 1157691891859;
493, 382, 1157691891875;
493, 379, 1157691891890;
494, 375, 1157691891906;
497, 370, 1157691891906;
501, 367, 1157691891922;
504, 363, 1157691891937;
509, 359, 1157691891953;
514, 357, 1157691891968;
519, 353, 1157691891984;
522, 350, 1157691892000;
527, 347, 1157691892000;
533, 344, 1157691892015;
541, 340, 1157691892031;
547, 337, 1157691892047;
553, 333, 1157691892062;
560, 327, 1157691892078;
567, 318, 1157691892093;
575, 308, 1157691892093;
582, 298, 1157691892109;
590, 284, 1157691892125;
598, 266, 1157691892140;
603, 249, 1157691892156;
608, 233, 1157691892172;
612, 219, 1157691892187;
613, 210, 1157691892187;
613, 203, 1157691892203;
613, 203, 1157691892203;
