413, 310, 1157145501047;
413, 312, 1157145501062;
413, 315, 1157145501078;
413, 320, 1157145501093;
413, 324, 1157145501109;
413, 329, 1157145501125;
413, 333, 1157145501125;
414, 338, 1157145501140;
414, 343, 1157145501156;
414, 346, 1157145501172;
416, 348, 1157145501187;
417, 350, 1157145501203;
419, 351, 1157145501218;
421, 352, 1157145501218;
425, 352, 1157145501234;
431, 349, 1157145501250;
437, 346, 1157145501265;
442, 341, 1157145501281;
445, 336, 1157145501297;
448, 330, 1157145501312;
451, 322, 1157145501312;
455, 314, 1157145501328;
455, 310, 1157145501343;
455, 308, 1157145501359;
455, 307, 1157145501375;
455, 309, 1157145501422;
454, 311, 1157145501437;
452, 315, 1157145501453;
451, 323, 1157145501468;
449, 335, 1157145501484;
446, 354, 1157145501500;
443, 385, 1157145501500;
438, 414, 1157145501515;
432, 441, 1157145501531;
425, 461, 1157145501547;
421, 472, 1157145501562;
419, 475, 1157145501578;
417, 476, 1157145501593;
415, 476, 1157145501593;
413, 473, 1157145501609;
409, 467, 1157145501625;
406, 460, 1157145501640;
404, 453, 1157145501656;
404, 448, 1157145501672;
404, 445, 1157145501687;
405, 439, 1157145501687;
411, 432, 1157145501703;
419, 422, 1157145501718;
431, 413, 1157145501734;
440, 406, 1157145501750;
447, 402, 1157145501765;
453, 400, 1157145501781;
457, 398, 1157145501797;
464, 397, 1157145501797;
471, 397, 1157145501812;
479, 395, 1157145501828;
483, 395, 1157145501843;
483, 395, 1157145501843;
