374, 343, 1157145506093;
375, 343, 1157145506140;
375, 344, 1157145506156;
375, 345, 1157145506172;
375, 347, 1157145506172;
375, 351, 1157145506187;
375, 357, 1157145506203;
375, 362, 1157145506218;
375, 368, 1157145506234;
376, 372, 1157145506250;
377, 378, 1157145506265;
380, 382, 1157145506265;
382, 386, 1157145506281;
384, 387, 1157145506297;
386, 387, 1157145506312;
389, 384, 1157145506328;
393, 379, 1157145506343;
398, 373, 1157145506359;
401, 367, 1157145506359;
402, 364, 1157145506375;
403, 363, 1157145506390;
403, 361, 1157145506406;
403, 360, 1157145506422;
403, 359, 1157145506437;
402, 359, 1157145506453;
401, 359, 1157145506453;
401, 360, 1157145506484;
400, 363, 1157145506500;
400, 367, 1157145506515;
398, 375, 1157145506531;
397, 386, 1157145506547;
397, 398, 1157145506547;
394, 411, 1157145506562;
392, 425, 1157145506578;
389, 435, 1157145506593;
387, 441, 1157145506609;
385, 443, 1157145506625;
385, 444, 1157145506640;
383, 444, 1157145506640;
381, 442, 1157145506656;
378, 439, 1157145506672;
376, 434, 1157145506687;
376, 432, 1157145506703;
376, 430, 1157145506718;
376, 428, 1157145506734;
377, 425, 1157145506734;
381, 417, 1157145506750;
388, 409, 1157145506765;
398, 400, 1157145506781;
405, 396, 1157145506797;
411, 394, 1157145506812;
414, 393, 1157145506828;
416, 393, 1157145506828;
417, 393, 1157145506843;
417, 393, 1157145506890;
