367, 285, 1157145511750;
367, 286, 1157145511765;
367, 287, 1157145511765;
368, 290, 1157145511781;
369, 292, 1157145511797;
370, 295, 1157145511812;
372, 299, 1157145511828;
373, 304, 1157145511843;
375, 309, 1157145511859;
376, 313, 1157145511859;
379, 315, 1157145511875;
381, 317, 1157145511890;
383, 317, 1157145511906;
386, 317, 1157145511922;
388, 317, 1157145511937;
390, 315, 1157145511953;
391, 313, 1157145511953;
393, 309, 1157145511968;
394, 303, 1157145511984;
395, 297, 1157145512000;
396, 292, 1157145512015;
396, 290, 1157145512031;
396, 288, 1157145512047;
396, 287, 1157145512062;
396, 288, 1157145512140;
395, 290, 1157145512140;
395, 296, 1157145512156;
395, 302, 1157145512172;
395, 310, 1157145512187;
395, 322, 1157145512203;
393, 334, 1157145512218;
392, 345, 1157145512234;
391, 351, 1157145512234;
391, 354, 1157145512250;
390, 354, 1157145512265;
389, 355, 1157145512281;
387, 355, 1157145512297;
384, 355, 1157145512312;
380, 353, 1157145512328;
379, 350, 1157145512343;
379, 347, 1157145512343;
379, 345, 1157145512359;
379, 343, 1157145512375;
381, 339, 1157145512390;
385, 333, 1157145512406;
390, 326, 1157145512422;
397, 319, 1157145512437;
401, 315, 1157145512437;
406, 314, 1157145512453;
410, 313, 1157145512468;
412, 313, 1157145512484;
415, 313, 1157145512500;
415, 313, 1157145512531;
