401, 291, 1157145516734;
402, 293, 1157145516750;
402, 296, 1157145516765;
402, 300, 1157145516781;
402, 308, 1157145516797;
402, 316, 1157145516812;
402, 323, 1157145516812;
402, 327, 1157145516828;
401, 331, 1157145516843;
401, 334, 1157145516859;
401, 335, 1157145516875;
400, 335, 1157145516890;
401, 334, 1157145516922;
404, 331, 1157145516937;
408, 327, 1157145516953;
411, 322, 1157145516968;
414, 315, 1157145516984;
419, 308, 1157145517000;
422, 302, 1157145517015;
422, 300, 1157145517015;
423, 299, 1157145517031;
423, 298, 1157145517062;
423, 300, 1157145517125;
423, 303, 1157145517140;
423, 307, 1157145517156;
423, 315, 1157145517172;
423, 323, 1157145517187;
423, 334, 1157145517203;
423, 347, 1157145517203;
421, 362, 1157145517218;
421, 374, 1157145517234;
421, 380, 1157145517250;
420, 382, 1157145517265;
419, 383, 1157145517281;
419, 384, 1157145517297;
418, 384, 1157145517297;
417, 384, 1157145517312;
416, 384, 1157145517328;
415, 383, 1157145517359;
414, 382, 1157145517375;
414, 381, 1157145517390;
414, 380, 1157145517390;
414, 379, 1157145517406;
414, 378, 1157145517422;
415, 373, 1157145517437;
417, 367, 1157145517453;
421, 361, 1157145517468;
426, 356, 1157145517484;
431, 352, 1157145517484;
437, 348, 1157145517500;
443, 346, 1157145517515;
445, 346, 1157145517531;
447, 345, 1157145517547;
448, 345, 1157145517562;
449, 345, 1157145517578;
449, 345, 1157145517593;
