391, 300, 1157145522734;
391, 302, 1157145522828;
390, 305, 1157145522843;
389, 309, 1157145522859;
389, 314, 1157145522875;
389, 320, 1157145522890;
389, 325, 1157145522890;
389, 331, 1157145522906;
389, 337, 1157145522922;
391, 344, 1157145522937;
392, 350, 1157145522953;
394, 356, 1157145522968;
396, 359, 1157145522984;
398, 361, 1157145522984;
400, 361, 1157145523000;
402, 361, 1157145523015;
405, 361, 1157145523031;
408, 360, 1157145523047;
411, 357, 1157145523062;
414, 354, 1157145523062;
418, 349, 1157145523093;
421, 343, 1157145523093;
423, 337, 1157145523109;
423, 333, 1157145523125;
423, 330, 1157145523140;
423, 329, 1157145523156;
423, 331, 1157145523234;
423, 336, 1157145523250;
423, 344, 1157145523265;
421, 355, 1157145523265;
421, 367, 1157145523281;
418, 380, 1157145523297;
417, 395, 1157145523312;
415, 410, 1157145523328;
412, 422, 1157145523343;
407, 432, 1157145523359;
403, 440, 1157145523359;
401, 443, 1157145523375;
399, 443, 1157145523390;
397, 443, 1157145523406;
396, 441, 1157145523422;
395, 436, 1157145523437;
395, 432, 1157145523453;
397, 425, 1157145523453;
401, 418, 1157145523468;
410, 407, 1157145523484;
421, 397, 1157145523500;
430, 389, 1157145523515;
438, 384, 1157145523531;
442, 382, 1157145523547;
444, 381, 1157145523547;
446, 381, 1157145523562;
448, 381, 1157145523578;
449, 381, 1157145523609;
449, 381, 1157145523625;
