434, 262, 1157145528875;
434, 264, 1157145528953;
434, 267, 1157145528968;
434, 273, 1157145528984;
434, 279, 1157145528984;
434, 286, 1157145529000;
434, 291, 1157145529015;
434, 298, 1157145529031;
434, 302, 1157145529047;
435, 306, 1157145529062;
436, 309, 1157145529078;
436, 310, 1157145529078;
437, 310, 1157145529109;
440, 310, 1157145529125;
443, 308, 1157145529140;
447, 305, 1157145529156;
449, 304, 1157145529172;
452, 301, 1157145529172;
456, 294, 1157145529187;
459, 290, 1157145529203;
461, 286, 1157145529218;
462, 285, 1157145529234;
462, 284, 1157145529250;
462, 283, 1157145529265;
462, 285, 1157145529375;
462, 287, 1157145529406;
462, 290, 1157145529422;
462, 295, 1157145529437;
462, 303, 1157145529453;
462, 313, 1157145529453;
462, 321, 1157145529468;
462, 327, 1157145529484;
461, 334, 1157145529500;
460, 337, 1157145529515;
459, 339, 1157145529531;
458, 340, 1157145529547;
458, 341, 1157145529562;
457, 342, 1157145529562;
455, 343, 1157145529578;
454, 343, 1157145529593;
452, 345, 1157145529609;
450, 345, 1157145529625;
448, 345, 1157145529640;
445, 345, 1157145529640;
443, 345, 1157145529656;
441, 343, 1157145529672;
441, 342, 1157145529687;
441, 341, 1157145529703;
443, 339, 1157145529718;
445, 335, 1157145529734;
449, 332, 1157145529750;
452, 328, 1157145529750;
455, 326, 1157145529765;
461, 323, 1157145529781;
465, 321, 1157145529797;
468, 321, 1157145529812;
471, 320, 1157145529828;
473, 320, 1157145529843;
476, 319, 1157145529843;
478, 319, 1157145529859;
480, 318, 1157145529875;
482, 317, 1157145529890;
484, 316, 1157145529906;
486, 313, 1157145529922;
486, 313, 1157145529922;
