368, 299, 1157145534718;
368, 301, 1157145534797;
368, 305, 1157145534812;
368, 311, 1157145534828;
369, 319, 1157145534843;
370, 329, 1157145534843;
373, 337, 1157145534859;
376, 345, 1157145534875;
380, 354, 1157145534890;
384, 359, 1157145534906;
386, 361, 1157145534922;
389, 361, 1157145534937;
391, 361, 1157145534937;
393, 357, 1157145534953;
397, 349, 1157145534968;
401, 338, 1157145534984;
404, 326, 1157145535000;
405, 315, 1157145535015;
406, 308, 1157145535031;
406, 304, 1157145535031;
406, 303, 1157145535047;
406, 305, 1157145535109;
406, 306, 1157145535125;
406, 309, 1157145535125;
406, 315, 1157145535140;
406, 326, 1157145535156;
406, 336, 1157145535172;
404, 351, 1157145535187;
403, 367, 1157145535203;
400, 388, 1157145535218;
399, 405, 1157145535234;
398, 416, 1157145535234;
396, 423, 1157145535250;
395, 425, 1157145535265;
394, 426, 1157145535281;
393, 427, 1157145535297;
390, 427, 1157145535312;
386, 427, 1157145535312;
381, 424, 1157145535328;
376, 421, 1157145535343;
374, 417, 1157145535359;
372, 414, 1157145535375;
372, 412, 1157145535390;
372, 410, 1157145535406;
374, 403, 1157145535406;
382, 392, 1157145535422;
391, 381, 1157145535437;
399, 372, 1157145535453;
406, 367, 1157145535468;
412, 364, 1157145535484;
418, 363, 1157145535500;
421, 362, 1157145535515;
422, 362, 1157145535515;
423, 362, 1157145535531;
423, 362, 1157145535547;
