467, 211, 1157141290640;
467, 219, 1157141290656;
467, 232, 1157141290672;
467, 246, 1157141290672;
467, 264, 1157141290687;
467, 284, 1157141290703;
467, 303, 1157141290718;
468, 317, 1157141290734;
468, 328, 1157141290750;
469, 338, 1157141290750;
469, 343, 1157141290765;
469, 345, 1157141290781;
469, 346, 1157141290797;
469, 343, 1157141290859;
469, 340, 1157141290859;
469, 337, 1157141290875;
469, 331, 1157141290890;
470, 320, 1157141290906;
473, 309, 1157141290922;
475, 300, 1157141290937;
479, 290, 1157141290953;
483, 281, 1157141290953;
490, 275, 1157141290968;
494, 271, 1157141290984;
497, 270, 1157141291000;
500, 270, 1157141291015;
503, 270, 1157141291031;
506, 271, 1157141291047;
508, 273, 1157141291047;
511, 276, 1157141291062;
512, 282, 1157141291078;
514, 289, 1157141291093;
517, 298, 1157141291109;
519, 309, 1157141291125;
520, 321, 1157141291140;
521, 331, 1157141291140;
521, 337, 1157141291156;
521, 339, 1157141291172;
521, 340, 1157141291187;
521, 340, 1157141291203;
