460, 227, 1157141344703;
460, 230, 1157141344703;
460, 237, 1157141344718;
460, 246, 1157141344734;
460, 256, 1157141344750;
460, 264, 1157141344765;
460, 276, 1157141344781;
460, 287, 1157141344781;
460, 298, 1157141344797;
461, 311, 1157141344812;
462, 323, 1157141344828;
463, 334, 1157141344843;
464, 342, 1157141344859;
465, 348, 1157141344875;
465, 350, 1157141344890;
465, 351, 1157141344890;
465, 349, 1157141344953;
465, 348, 1157141344968;
465, 346, 1157141344984;
467, 342, 1157141344984;
470, 336, 1157141345000;
472, 331, 1157141345015;
474, 327, 1157141345031;
477, 322, 1157141345047;
480, 316, 1157141345062;
482, 311, 1157141345078;
484, 308, 1157141345078;
485, 308, 1157141345093;
486, 308, 1157141345109;
487, 309, 1157141345140;
489, 309, 1157141345156;
491, 311, 1157141345172;
493, 312, 1157141345172;
496, 315, 1157141345187;
498, 319, 1157141345203;
501, 324, 1157141345218;
503, 330, 1157141345234;
504, 339, 1157141345250;
506, 348, 1157141345265;
507, 353, 1157141345265;
508, 356, 1157141345281;
508, 357, 1157141345297;
508, 357, 1157141345312;
