462, 195, 1157141351234;
462, 197, 1157141351234;
462, 202, 1157141351250;
462, 208, 1157141351265;
462, 216, 1157141351281;
460, 226, 1157141351297;
460, 237, 1157141351312;
460, 248, 1157141351328;
460, 259, 1157141351343;
460, 270, 1157141351343;
460, 282, 1157141351359;
460, 291, 1157141351375;
460, 299, 1157141351390;
460, 302, 1157141351406;
460, 304, 1157141351422;
460, 303, 1157141351484;
460, 302, 1157141351500;
460, 301, 1157141351515;
460, 300, 1157141351531;
460, 298, 1157141351531;
461, 291, 1157141351547;
465, 280, 1157141351562;
469, 271, 1157141351578;
473, 262, 1157141351593;
477, 257, 1157141351609;
481, 254, 1157141351625;
482, 253, 1157141351625;
484, 253, 1157141351640;
486, 254, 1157141351656;
489, 255, 1157141351672;
491, 259, 1157141351687;
493, 262, 1157141351703;
495, 269, 1157141351718;
497, 276, 1157141351718;
499, 284, 1157141351734;
500, 293, 1157141351750;
501, 299, 1157141351765;
502, 306, 1157141351781;
502, 310, 1157141351797;
502, 313, 1157141351812;
502, 314, 1157141351812;
500, 310, 1157141351875;
500, 310, 1157141351875;
