412, 289, 1157141357406;
412, 290, 1157141357531;
412, 294, 1157141357547;
412, 300, 1157141357562;
412, 308, 1157141357578;
412, 318, 1157141357578;
412, 326, 1157141357593;
412, 334, 1157141357609;
412, 341, 1157141357625;
412, 346, 1157141357640;
413, 351, 1157141357656;
414, 353, 1157141357672;
414, 354, 1157141357672;
414, 353, 1157141357750;
414, 352, 1157141357765;
414, 350, 1157141357765;
414, 349, 1157141357781;
414, 348, 1157141357797;
416, 346, 1157141357812;
416, 342, 1157141357828;
418, 339, 1157141357843;
420, 336, 1157141357859;
421, 334, 1157141357859;
422, 332, 1157141357875;
424, 332, 1157141357906;
425, 332, 1157141357922;
427, 332, 1157141357937;
430, 332, 1157141357953;
433, 332, 1157141357953;
435, 333, 1157141357968;
438, 335, 1157141357984;
439, 339, 1157141358000;
441, 343, 1157141358015;
442, 347, 1157141358031;
442, 352, 1157141358047;
442, 356, 1157141358062;
442, 358, 1157141358062;
442, 359, 1157141358078;
442, 360, 1157141358093;
442, 360, 1157141358109;
