475, 340, 1157141365000;
475, 339, 1157141365062;
476, 339, 1157141365109;
476, 340, 1157141365125;
477, 345, 1157141365140;
477, 351, 1157141365156;
478, 359, 1157141365156;
478, 369, 1157141365172;
479, 377, 1157141365187;
479, 388, 1157141365203;
480, 397, 1157141365218;
482, 407, 1157141365234;
483, 416, 1157141365250;
484, 424, 1157141365250;
485, 430, 1157141365265;
485, 431, 1157141365281;
485, 432, 1157141365297;
485, 429, 1157141365359;
485, 427, 1157141365375;
485, 420, 1157141365390;
490, 409, 1157141365406;
495, 401, 1157141365422;
498, 394, 1157141365437;
502, 389, 1157141365437;
503, 388, 1157141365453;
504, 387, 1157141365468;
505, 387, 1157141365484;
506, 387, 1157141365500;
507, 388, 1157141365515;
510, 389, 1157141365531;
514, 391, 1157141365547;
516, 393, 1157141365547;
520, 397, 1157141365562;
523, 401, 1157141365578;
525, 405, 1157141365593;
527, 410, 1157141365609;
528, 413, 1157141365625;
528, 413, 1157141365625;
