465, 217, 1157141372359;
466, 221, 1157141372375;
467, 228, 1157141372390;
468, 237, 1157141372406;
468, 252, 1157141372422;
468, 270, 1157141372437;
468, 294, 1157141372453;
468, 316, 1157141372453;
466, 333, 1157141372468;
465, 347, 1157141372484;
464, 356, 1157141372500;
464, 360, 1157141372515;
464, 363, 1157141372531;
464, 359, 1157141372578;
464, 356, 1157141372593;
464, 354, 1157141372609;
464, 349, 1157141372625;
467, 340, 1157141372640;
469, 332, 1157141372640;
472, 327, 1157141372656;
476, 321, 1157141372672;
480, 316, 1157141372687;
484, 312, 1157141372703;
488, 309, 1157141372718;
491, 308, 1157141372734;
494, 308, 1157141372734;
496, 308, 1157141372750;
498, 308, 1157141372765;
500, 309, 1157141372781;
501, 312, 1157141372797;
503, 317, 1157141372812;
505, 322, 1157141372828;
506, 328, 1157141372843;
508, 335, 1157141372843;
509, 342, 1157141372859;
510, 349, 1157141372875;
510, 356, 1157141372890;
510, 360, 1157141372906;
510, 363, 1157141372922;
510, 363, 1157141372922;
