446, 273, 1157141378125;
446, 274, 1157141378172;
446, 276, 1157141378187;
446, 280, 1157141378203;
446, 288, 1157141378218;
446, 297, 1157141378218;
446, 309, 1157141378234;
446, 322, 1157141378250;
446, 334, 1157141378265;
446, 347, 1157141378281;
446, 361, 1157141378297;
446, 371, 1157141378297;
446, 381, 1157141378312;
446, 389, 1157141378328;
446, 393, 1157141378343;
445, 394, 1157141378359;
445, 395, 1157141378375;
445, 394, 1157141378437;
445, 393, 1157141378453;
445, 391, 1157141378468;
445, 389, 1157141378484;
445, 384, 1157141378500;
448, 378, 1157141378500;
452, 372, 1157141378515;
456, 365, 1157141378531;
462, 359, 1157141378547;
467, 353, 1157141378562;
469, 349, 1157141378578;
472, 348, 1157141378593;
473, 348, 1157141378593;
475, 348, 1157141378625;
476, 348, 1157141378640;
477, 350, 1157141378656;
479, 354, 1157141378672;
482, 360, 1157141378687;
485, 365, 1157141378687;
487, 372, 1157141378703;
489, 379, 1157141378718;
491, 388, 1157141378734;
493, 394, 1157141378750;
493, 394, 1157141378750;
