447, 251, 1157141389984;
447, 252, 1157141390015;
447, 256, 1157141390031;
447, 264, 1157141390047;
447, 276, 1157141390047;
447, 289, 1157141390062;
447, 304, 1157141390078;
448, 316, 1157141390093;
448, 328, 1157141390109;
449, 339, 1157141390125;
450, 349, 1157141390140;
451, 356, 1157141390140;
451, 358, 1157141390156;
451, 359, 1157141390172;
451, 358, 1157141390218;
451, 357, 1157141390234;
451, 355, 1157141390234;
451, 353, 1157141390250;
451, 349, 1157141390265;
453, 342, 1157141390281;
454, 337, 1157141390297;
458, 328, 1157141390312;
463, 318, 1157141390328;
467, 310, 1157141390328;
471, 304, 1157141390343;
474, 299, 1157141390359;
476, 298, 1157141390375;
478, 298, 1157141390390;
480, 298, 1157141390406;
483, 300, 1157141390422;
485, 302, 1157141390422;
488, 307, 1157141390437;
490, 314, 1157141390453;
491, 323, 1157141390468;
491, 333, 1157141390484;
491, 342, 1157141390500;
491, 351, 1157141390515;
491, 358, 1157141390515;
492, 363, 1157141390531;
492, 364, 1157141390547;
492, 364, 1157141390562;
