474, 293, 1157141395672;
472, 301, 1157141395672;
470, 315, 1157141395687;
469, 329, 1157141395703;
468, 344, 1157141395718;
467, 359, 1157141395734;
467, 369, 1157141395750;
467, 379, 1157141395765;
467, 387, 1157141395765;
467, 396, 1157141395828;
467, 397, 1157141395843;
467, 395, 1157141395890;
467, 393, 1157141395906;
467, 389, 1157141395922;
472, 379, 1157141395937;
475, 370, 1157141395953;
479, 360, 1157141395953;
485, 351, 1157141395968;
489, 345, 1157141395984;
492, 343, 1157141396000;
493, 343, 1157141396015;
495, 343, 1157141396031;
497, 344, 1157141396047;
498, 346, 1157141396047;
501, 349, 1157141396062;
503, 354, 1157141396078;
506, 361, 1157141396093;
508, 368, 1157141396109;
509, 374, 1157141396125;
510, 379, 1157141396140;
510, 379, 1157141396140;
