537, 367, 1157691080265;
543, 365, 1157691080281;
550, 362, 1157691080297;
556, 358, 1157691080297;
564, 351, 1157691080312;
571, 343, 1157691080328;
581, 331, 1157691080343;
589, 318, 1157691080359;
596, 305, 1157691080375;
601, 290, 1157691080390;
603, 278, 1157691080390;
604, 269, 1157691080406;
604, 260, 1157691080422;
604, 253, 1157691080437;
601, 248, 1157691080453;
597, 245, 1157691080468;
594, 242, 1157691080484;
589, 242, 1157691080500;
583, 243, 1157691080531;
579, 248, 1157691080531;
575, 254, 1157691080547;
572, 261, 1157691080562;
569, 269, 1157691080578;
567, 280, 1157691080578;
564, 293, 1157691080593;
559, 308, 1157691080609;
551, 330, 1157691080625;
544, 350, 1157691080640;
535, 373, 1157691080656;
528, 393, 1157691080672;
522, 407, 1157691080672;
519, 421, 1157691080687;
514, 432, 1157691080703;
512, 440, 1157691080718;
509, 446, 1157691080734;
508, 449, 1157691080750;
507, 451, 1157691080765;
506, 452, 1157691080765;
504, 455, 1157691080781;
502, 458, 1157691080797;
501, 459, 1157691080812;
501, 460, 1157691080828;
500, 460, 1157691080843;
499, 460, 1157691080937;
499, 458, 1157691080953;
499, 456, 1157691080968;
500, 452, 1157691080984;
503, 445, 1157691081000;
507, 437, 1157691081015;
511, 429, 1157691081031;
516, 419, 1157691081047;
521, 412, 1157691081047;
527, 406, 1157691081062;
534, 401, 1157691081078;
540, 395, 1157691081093;
545, 392, 1157691081109;
548, 389, 1157691081125;
553, 387, 1157691081140;
555, 386, 1157691081140;
559, 385, 1157691081156;
562, 385, 1157691081172;
566, 384, 1157691081187;
570, 384, 1157691081203;
573, 384, 1157691081218;
576, 384, 1157691081234;
578, 386, 1157691081250;
579, 388, 1157691081250;
580, 390, 1157691081265;
580, 394, 1157691081281;
580, 401, 1157691081297;
576, 411, 1157691081312;
572, 422, 1157691081328;
566, 436, 1157691081328;
561, 450, 1157691081343;
558, 462, 1157691081359;
557, 470, 1157691081375;
557, 477, 1157691081390;
557, 480, 1157691081406;
559, 481, 1157691081422;
564, 482, 1157691081437;
573, 482, 1157691081437;
583, 476, 1157691081453;
597, 463, 1157691081468;
618, 443, 1157691081484;
635, 416, 1157691081500;
635, 416, 1157691081531;
