557, 326, 1157691105312;
558, 326, 1157691105359;
559, 326, 1157691105375;
561, 326, 1157691105390;
564, 326, 1157691105406;
566, 325, 1157691105422;
569, 322, 1157691105437;
575, 318, 1157691105437;
581, 312, 1157691105453;
589, 305, 1157691105468;
595, 295, 1157691105484;
601, 284, 1157691105500;
605, 273, 1157691105515;
608, 263, 1157691105531;
610, 253, 1157691105531;
611, 247, 1157691105547;
611, 241, 1157691105562;
611, 238, 1157691105578;
609, 236, 1157691105593;
608, 235, 1157691105609;
605, 234, 1157691105625;
602, 234, 1157691105625;
599, 234, 1157691105640;
595, 235, 1157691105656;
590, 241, 1157691105672;
585, 247, 1157691105687;
582, 255, 1157691105703;
578, 263, 1157691105718;
576, 271, 1157691105718;
574, 281, 1157691105734;
571, 293, 1157691105750;
570, 304, 1157691105765;
568, 316, 1157691105781;
567, 328, 1157691105797;
565, 338, 1157691105812;
563, 347, 1157691105812;
562, 355, 1157691105828;
559, 361, 1157691105843;
556, 367, 1157691105859;
553, 371, 1157691105875;
548, 373, 1157691105890;
543, 376, 1157691105906;
539, 377, 1157691105906;
536, 378, 1157691105922;
535, 378, 1157691105937;
534, 378, 1157691105953;
533, 376, 1157691105968;
532, 375, 1157691105984;
532, 372, 1157691106000;
533, 365, 1157691106015;
539, 358, 1157691106015;
544, 350, 1157691106031;
549, 341, 1157691106047;
555, 334, 1157691106062;
558, 329, 1157691106078;
561, 325, 1157691106093;
563, 324, 1157691106093;
565, 322, 1157691106109;
568, 321, 1157691106125;
572, 319, 1157691106140;
578, 318, 1157691106156;
581, 318, 1157691106172;
584, 318, 1157691106187;
587, 318, 1157691106203;
590, 318, 1157691106203;
592, 318, 1157691106218;
594, 320, 1157691106234;
595, 322, 1157691106250;
596, 324, 1157691106265;
597, 327, 1157691106281;
598, 330, 1157691106281;
598, 334, 1157691106297;
598, 337, 1157691106312;
598, 341, 1157691106328;
598, 346, 1157691106343;
598, 350, 1157691106359;
598, 353, 1157691106375;
598, 356, 1157691106390;
599, 358, 1157691106390;
601, 359, 1157691106406;
603, 361, 1157691106422;
610, 361, 1157691106437;
619, 358, 1157691106453;
619, 358, 1157691106453;
