428, 231, 1157141299422;
428, 232, 1157141299468;
429, 235, 1157141299484;
429, 239, 1157141299500;
429, 246, 1157141299515;
431, 255, 1157141299531;
432, 267, 1157141299531;
433, 282, 1157141299547;
433, 296, 1157141299562;
434, 311, 1157141299578;
436, 323, 1157141299593;
437, 331, 1157141299609;
438, 334, 1157141299625;
438, 335, 1157141299625;
439, 333, 1157141299672;
439, 331, 1157141299687;
439, 329, 1157141299703;
441, 322, 1157141299718;
443, 313, 1157141299718;
446, 306, 1157141299734;
449, 301, 1157141299750;
453, 295, 1157141299765;
454, 294, 1157141299781;
455, 293, 1157141299797;
456, 293, 1157141299812;
457, 293, 1157141299812;
458, 293, 1157141299828;
460, 293, 1157141299843;
462, 294, 1157141299859;
464, 297, 1157141299875;
468, 302, 1157141299890;
470, 309, 1157141299906;
472, 317, 1157141299906;
474, 326, 1157141299922;
475, 331, 1157141299937;
476, 334, 1157141299953;
476, 334, 1157141299953;
