515, 386, 1157691115250;
516, 386, 1157691115250;
519, 385, 1157691115265;
524, 382, 1157691115281;
527, 380, 1157691115297;
530, 380, 1157691115312;
532, 378, 1157691115328;
535, 376, 1157691115328;
537, 374, 1157691115343;
542, 370, 1157691115359;
547, 366, 1157691115375;
552, 362, 1157691115390;
557, 355, 1157691115406;
561, 349, 1157691115422;
564, 342, 1157691115437;
567, 334, 1157691115437;
569, 324, 1157691115453;
571, 316, 1157691115468;
572, 308, 1157691115484;
573, 302, 1157691115500;
573, 298, 1157691115515;
573, 295, 1157691115515;
573, 293, 1157691115531;
573, 291, 1157691115562;
573, 290, 1157691115562;
573, 288, 1157691115578;
572, 288, 1157691115593;
571, 287, 1157691115609;
570, 287, 1157691115625;
567, 287, 1157691115640;
565, 287, 1157691115656;
562, 287, 1157691115672;
560, 289, 1157691115687;
558, 291, 1157691115703;
555, 293, 1157691115718;
553, 299, 1157691115718;
552, 305, 1157691115734;
551, 311, 1157691115750;
550, 315, 1157691115765;
549, 320, 1157691115781;
549, 327, 1157691115797;
548, 333, 1157691115812;
547, 338, 1157691115812;
547, 344, 1157691115828;
546, 348, 1157691115843;
545, 355, 1157691115859;
544, 361, 1157691115875;
544, 366, 1157691115890;
543, 372, 1157691115906;
541, 377, 1157691115906;
540, 381, 1157691115922;
539, 382, 1157691115937;
539, 383, 1157691115953;
537, 385, 1157691115968;
536, 387, 1157691115984;
536, 388, 1157691116000;
535, 388, 1157691116000;
535, 386, 1157691116328;
537, 384, 1157691116343;
537, 381, 1157691116359;
539, 376, 1157691116375;
541, 372, 1157691116375;
544, 367, 1157691116390;
548, 361, 1157691116406;
554, 354, 1157691116422;
561, 346, 1157691116437;
565, 341, 1157691116453;
569, 338, 1157691116468;
571, 336, 1157691116484;
574, 335, 1157691116484;
576, 334, 1157691116500;
578, 333, 1157691116515;
580, 333, 1157691116531;
582, 333, 1157691116547;
585, 334, 1157691116562;
587, 337, 1157691116578;
589, 341, 1157691116578;
589, 344, 1157691116593;
590, 348, 1157691116609;
590, 353, 1157691116625;
590, 359, 1157691116640;
590, 366, 1157691116656;
590, 371, 1157691116672;
590, 376, 1157691116672;
590, 382, 1157691116687;
590, 387, 1157691116703;
592, 391, 1157691116718;
594, 393, 1157691116734;
598, 396, 1157691116750;
601, 396, 1157691116750;
604, 396, 1157691116765;
608, 396, 1157691116781;
615, 392, 1157691116797;
623, 385, 1157691116812;
630, 374, 1157691116828;
637, 363, 1157691116843;
643, 351, 1157691116843;
647, 340, 1157691116859;
650, 332, 1157691116875;
650, 332, 1157691116875;
