470, 227, 1157141306015;
470, 229, 1157141306031;
470, 232, 1157141306047;
470, 239, 1157141306062;
471, 248, 1157141306078;
471, 259, 1157141306093;
471, 271, 1157141306109;
471, 284, 1157141306109;
471, 297, 1157141306125;
471, 313, 1157141306140;
471, 330, 1157141306156;
471, 343, 1157141306172;
471, 352, 1157141306187;
471, 358, 1157141306203;
471, 360, 1157141306203;
471, 356, 1157141306265;
471, 354, 1157141306281;
471, 349, 1157141306297;
472, 341, 1157141306297;
474, 333, 1157141306312;
479, 322, 1157141306328;
486, 309, 1157141306343;
492, 301, 1157141306359;
496, 297, 1157141306375;
498, 296, 1157141306390;
500, 296, 1157141306390;
502, 296, 1157141306406;
503, 297, 1157141306422;
506, 300, 1157141306437;
509, 305, 1157141306453;
512, 313, 1157141306468;
514, 323, 1157141306484;
517, 336, 1157141306500;
521, 350, 1157141306500;
524, 359, 1157141306515;
525, 364, 1157141306531;
525, 362, 1157141306578;
525, 362, 1157141306578;
