444, 295, 1157141310922;
444, 303, 1157141311062;
444, 311, 1157141311078;
445, 321, 1157141311078;
445, 335, 1157141311093;
446, 347, 1157141311109;
446, 361, 1157141311125;
446, 376, 1157141311140;
446, 389, 1157141311156;
446, 399, 1157141311172;
446, 405, 1157141311187;
446, 406, 1157141311187;
446, 407, 1157141311203;
446, 403, 1157141311250;
446, 401, 1157141311265;
446, 396, 1157141311265;
451, 386, 1157141311281;
456, 374, 1157141311297;
464, 359, 1157141311312;
468, 348, 1157141311328;
471, 345, 1157141311343;
471, 343, 1157141311359;
473, 343, 1157141311375;
474, 344, 1157141311390;
476, 346, 1157141311406;
478, 350, 1157141311422;
482, 356, 1157141311437;
485, 365, 1157141311453;
487, 374, 1157141311453;
488, 385, 1157141311468;
489, 393, 1157141311484;
490, 399, 1157141311500;
491, 401, 1157141311515;
491, 402, 1157141311531;
491, 402, 1157141311531;
