447, 269, 1157141316781;
447, 270, 1157141316859;
447, 272, 1157141316875;
448, 277, 1157141316875;
448, 284, 1157141316890;
448, 293, 1157141316906;
448, 304, 1157141316922;
448, 314, 1157141316937;
448, 324, 1157141316953;
448, 334, 1157141316968;
448, 342, 1157141316968;
448, 348, 1157141316984;
448, 351, 1157141317000;
448, 353, 1157141317015;
448, 354, 1157141317031;
448, 353, 1157141317109;
448, 352, 1157141317125;
448, 350, 1157141317140;
449, 343, 1157141317156;
454, 333, 1157141317172;
459, 325, 1157141317172;
466, 315, 1157141317187;
472, 304, 1157141317203;
477, 298, 1157141317218;
480, 296, 1157141317234;
481, 296, 1157141317250;
482, 296, 1157141317265;
484, 297, 1157141317265;
484, 298, 1157141317281;
486, 301, 1157141317297;
487, 304, 1157141317312;
488, 309, 1157141317328;
489, 316, 1157141317343;
489, 324, 1157141317359;
489, 333, 1157141317359;
489, 341, 1157141317375;
489, 348, 1157141317390;
489, 352, 1157141317406;
489, 352, 1157141317406;
