443, 238, 1157141321890;
443, 239, 1157141321937;
443, 242, 1157141321953;
443, 246, 1157141321968;
443, 255, 1157141321968;
443, 266, 1157141321984;
443, 279, 1157141322000;
443, 295, 1157141322015;
443, 312, 1157141322031;
443, 325, 1157141322047;
443, 333, 1157141322062;
443, 337, 1157141322062;
443, 338, 1157141322078;
443, 339, 1157141322093;
443, 338, 1157141322156;
443, 337, 1157141322156;
443, 336, 1157141322187;
443, 333, 1157141322203;
446, 324, 1157141322218;
452, 314, 1157141322234;
458, 304, 1157141322250;
465, 296, 1157141322265;
470, 291, 1157141322265;
472, 288, 1157141322281;
474, 288, 1157141322297;
476, 288, 1157141322312;
477, 290, 1157141322328;
478, 294, 1157141322343;
480, 302, 1157141322359;
480, 313, 1157141322359;
480, 326, 1157141322375;
480, 339, 1157141322390;
480, 349, 1157141322406;
480, 354, 1157141322422;
480, 357, 1157141322437;
480, 358, 1157141322453;
480, 358, 1157141322468;
