438, 240, 1157141327172;
438, 242, 1157141327265;
438, 248, 1157141327265;
438, 254, 1157141327281;
438, 264, 1157141327297;
438, 274, 1157141327312;
438, 286, 1157141327328;
436, 299, 1157141327343;
435, 312, 1157141327343;
435, 322, 1157141327359;
435, 329, 1157141327375;
435, 332, 1157141327390;
435, 333, 1157141327406;
434, 333, 1157141327437;
434, 332, 1157141327484;
434, 331, 1157141327500;
434, 330, 1157141327515;
434, 329, 1157141327531;
434, 325, 1157141327547;
437, 319, 1157141327547;
440, 312, 1157141327562;
444, 304, 1157141327578;
448, 300, 1157141327593;
451, 297, 1157141327609;
452, 297, 1157141327625;
454, 296, 1157141327625;
456, 295, 1157141327640;
459, 295, 1157141327656;
462, 295, 1157141327672;
463, 296, 1157141327687;
465, 299, 1157141327703;
467, 303, 1157141327718;
468, 308, 1157141327734;
469, 312, 1157141327734;
470, 318, 1157141327750;
470, 322, 1157141327765;
470, 328, 1157141327781;
470, 330, 1157141327797;
470, 332, 1157141327812;
470, 333, 1157141327828;
470, 333, 1157141327828;
