422, 270, 1157141332734;
422, 271, 1157141332828;
422, 274, 1157141332843;
422, 278, 1157141332843;
422, 285, 1157141332859;
423, 293, 1157141332875;
424, 303, 1157141332890;
425, 313, 1157141332906;
425, 324, 1157141332922;
426, 332, 1157141332937;
428, 342, 1157141332953;
429, 349, 1157141332953;
430, 354, 1157141332968;
430, 359, 1157141332984;
431, 361, 1157141333000;
431, 362, 1157141333015;
431, 359, 1157141333062;
431, 357, 1157141333078;
431, 355, 1157141333093;
434, 347, 1157141333109;
441, 332, 1157141333125;
452, 309, 1157141333140;
459, 296, 1157141333140;
463, 290, 1157141333156;
465, 288, 1157141333172;
466, 288, 1157141333187;
467, 289, 1157141333203;
469, 290, 1157141333218;
470, 294, 1157141333234;
472, 299, 1157141333250;
474, 308, 1157141333250;
475, 318, 1157141333265;
477, 330, 1157141333281;
479, 340, 1157141333297;
480, 346, 1157141333312;
480, 350, 1157141333328;
481, 351, 1157141333328;
481, 351, 1157141333359;
