446, 175, 1157141338281;
446, 176, 1157141338297;
446, 179, 1157141338297;
446, 185, 1157141338312;
446, 194, 1157141338328;
444, 206, 1157141338343;
443, 220, 1157141338359;
442, 234, 1157141338375;
442, 249, 1157141338390;
442, 265, 1157141338390;
442, 281, 1157141338406;
442, 298, 1157141338422;
442, 312, 1157141338437;
442, 324, 1157141338453;
442, 330, 1157141338468;
442, 333, 1157141338484;
442, 331, 1157141338531;
442, 327, 1157141338547;
442, 322, 1157141338562;
444, 312, 1157141338578;
446, 301, 1157141338578;
449, 290, 1157141338593;
452, 281, 1157141338609;
456, 274, 1157141338625;
460, 270, 1157141338640;
462, 268, 1157141338656;
464, 266, 1157141338656;
465, 266, 1157141338672;
466, 267, 1157141338687;
467, 268, 1157141338703;
469, 271, 1157141338718;
470, 274, 1157141338734;
472, 279, 1157141338750;
473, 286, 1157141338765;
474, 296, 1157141338765;
475, 305, 1157141338781;
476, 316, 1157141338797;
476, 321, 1157141338812;
476, 326, 1157141338828;
476, 329, 1157141338843;
476, 330, 1157141338859;
476, 330, 1157141338875;
