580, 233, 1157131331578;
580, 234, 1157131331656;
580, 235, 1157131331672;
580, 237, 1157131331687;
580, 240, 1157131331703;
580, 244, 1157131331718;
580, 248, 1157131331734;
580, 255, 1157131331750;
580, 261, 1157131331765;
580, 269, 1157131331765;
580, 277, 1157131331781;
580, 287, 1157131331797;
580, 296, 1157131331812;
581, 305, 1157131331828;
581, 315, 1157131331843;
582, 323, 1157131331859;
582, 327, 1157131331859;
582, 330, 1157131331875;
582, 331, 1157131331890;
582, 330, 1157131331968;
582, 329, 1157131331984;
582, 328, 1157131332000;
582, 324, 1157131332015;
582, 319, 1157131332031;
584, 312, 1157131332047;
586, 305, 1157131332047;
589, 299, 1157131332062;
592, 294, 1157131332078;
594, 292, 1157131332093;
596, 290, 1157131332109;
599, 289, 1157131332125;
602, 289, 1157131332140;
605, 289, 1157131332140;
608, 289, 1157131332156;
610, 290, 1157131332172;
613, 293, 1157131332187;
614, 297, 1157131332203;
616, 300, 1157131332218;
617, 304, 1157131332234;
618, 309, 1157131332234;
618, 313, 1157131332250;
618, 318, 1157131332265;
618, 321, 1157131332281;
618, 323, 1157131332297;
615, 326, 1157131332312;
614, 327, 1157131332328;
612, 328, 1157131332343;
609, 328, 1157131332343;
605, 329, 1157131332359;
600, 329, 1157131332375;
594, 329, 1157131332390;
591, 329, 1157131332406;
589, 329, 1157131332422;
587, 329, 1157131332422;
586, 329, 1157131332437;
585, 328, 1157131332453;
584, 328, 1157131332468;
584, 327, 1157131332484;
584, 327, 1157131332515;
