620, 281, 1157131589140;
620, 282, 1157131589187;
620, 285, 1157131589187;
620, 288, 1157131589203;
620, 291, 1157131589218;
620, 296, 1157131589234;
620, 304, 1157131589250;
621, 312, 1157131589265;
621, 322, 1157131589281;
621, 330, 1157131589281;
621, 336, 1157131589297;
622, 341, 1157131589312;
622, 344, 1157131589328;
622, 346, 1157131589343;
622, 348, 1157131589359;
622, 349, 1157131589375;
622, 350, 1157131589375;
622, 351, 1157131589406;
622, 350, 1157131589468;
622, 349, 1157131589484;
622, 347, 1157131589500;
626, 342, 1157131589515;
630, 336, 1157131589531;
635, 330, 1157131589547;
639, 325, 1157131589562;
641, 324, 1157131589562;
642, 323, 1157131589578;
644, 323, 1157131589593;
646, 323, 1157131589609;
648, 324, 1157131589625;
651, 326, 1157131589640;
654, 329, 1157131589656;
655, 331, 1157131589656;
657, 334, 1157131589672;
657, 336, 1157131589687;
657, 338, 1157131589703;
657, 339, 1157131589734;
656, 339, 1157131589750;
654, 341, 1157131589765;
653, 342, 1157131589781;
651, 344, 1157131589797;
649, 347, 1157131589812;
647, 347, 1157131589828;
647, 348, 1157131589843;
646, 349, 1157131589843;
643, 349, 1157131589859;
642, 349, 1157131589875;
640, 349, 1157131589890;
639, 349, 1157131589906;
636, 349, 1157131589922;
634, 349, 1157131589937;
633, 349, 1157131589937;
631, 349, 1157131589953;
629, 349, 1157131589968;
628, 349, 1157131589984;
627, 349, 1157131590000;
626, 349, 1157131590015;
626, 348, 1157131590031;
625, 348, 1157131590047;
625, 347, 1157131590062;
624, 347, 1157131590093;
624, 347, 1157131590109;
