573, 276, 1157131597031;
573, 277, 1157131597078;
573, 279, 1157131597093;
573, 282, 1157131597109;
573, 285, 1157131597125;
573, 291, 1157131597140;
574, 300, 1157131597156;
575, 310, 1157131597156;
575, 320, 1157131597172;
576, 331, 1157131597187;
577, 341, 1157131597203;
577, 347, 1157131597218;
577, 351, 1157131597234;
577, 353, 1157131597250;
577, 351, 1157131597312;
577, 350, 1157131597328;
577, 349, 1157131597343;
577, 346, 1157131597343;
578, 340, 1157131597359;
581, 335, 1157131597375;
587, 326, 1157131597390;
592, 319, 1157131597406;
597, 313, 1157131597422;
603, 307, 1157131597437;
607, 307, 1157131597437;
612, 307, 1157131597453;
619, 310, 1157131597468;
625, 314, 1157131597484;
630, 318, 1157131597500;
633, 324, 1157131597515;
634, 330, 1157131597531;
635, 333, 1157131597531;
636, 338, 1157131597547;
636, 341, 1157131597562;
636, 345, 1157131597578;
635, 348, 1157131597593;
633, 350, 1157131597609;
631, 353, 1157131597625;
625, 357, 1157131597625;
619, 361, 1157131597640;
613, 364, 1157131597656;
608, 365, 1157131597672;
604, 367, 1157131597687;
599, 367, 1157131597703;
593, 367, 1157131597718;
588, 367, 1157131597718;
582, 366, 1157131597734;
579, 365, 1157131597750;
577, 364, 1157131597765;
575, 363, 1157131597781;
574, 362, 1157131597797;
573, 361, 1157131597812;
573, 361, 1157131597812;
