608, 208, 1157131606031;
608, 211, 1157131606047;
608, 219, 1157131606062;
608, 228, 1157131606078;
608, 239, 1157131606078;
608, 252, 1157131606093;
608, 266, 1157131606109;
606, 285, 1157131606125;
605, 302, 1157131606140;
605, 319, 1157131606156;
603, 331, 1157131606172;
603, 336, 1157131606172;
603, 338, 1157131606187;
602, 338, 1157131606203;
602, 336, 1157131606234;
602, 333, 1157131606250;
602, 331, 1157131606265;
602, 328, 1157131606265;
603, 322, 1157131606281;
608, 313, 1157131606297;
613, 305, 1157131606312;
622, 297, 1157131606328;
629, 292, 1157131606343;
634, 289, 1157131606359;
637, 288, 1157131606359;
640, 288, 1157131606375;
643, 290, 1157131606390;
645, 292, 1157131606406;
648, 296, 1157131606422;
652, 301, 1157131606437;
654, 305, 1157131606453;
655, 310, 1157131606453;
655, 315, 1157131606468;
655, 320, 1157131606484;
653, 325, 1157131606500;
649, 331, 1157131606515;
644, 336, 1157131606531;
640, 339, 1157131606547;
634, 341, 1157131606547;
628, 342, 1157131606562;
619, 343, 1157131606578;
611, 343, 1157131606593;
606, 343, 1157131606609;
603, 342, 1157131606625;
600, 340, 1157131606640;
596, 339, 1157131606640;
596, 339, 1157131606640;
