614, 274, 1157131612343;
614, 275, 1157131612359;
614, 279, 1157131612375;
614, 284, 1157131612390;
615, 294, 1157131612406;
615, 307, 1157131612422;
617, 324, 1157131612422;
618, 344, 1157131612437;
620, 357, 1157131612453;
620, 369, 1157131612468;
620, 376, 1157131612484;
620, 378, 1157131612500;
620, 379, 1157131612515;
620, 377, 1157131612531;
620, 376, 1157131612547;
620, 374, 1157131612562;
620, 372, 1157131612578;
620, 367, 1157131612593;
622, 361, 1157131612609;
626, 355, 1157131612609;
631, 349, 1157131612625;
637, 343, 1157131612640;
641, 339, 1157131612656;
645, 337, 1157131612672;
647, 337, 1157131612687;
648, 337, 1157131612703;
650, 337, 1157131612703;
652, 338, 1157131612718;
654, 339, 1157131612734;
655, 342, 1157131612750;
657, 344, 1157131612765;
658, 347, 1157131612781;
658, 349, 1157131612797;
658, 352, 1157131612812;
658, 356, 1157131612812;
656, 359, 1157131612828;
653, 365, 1157131612843;
651, 370, 1157131612859;
648, 375, 1157131612875;
645, 379, 1157131612890;
642, 382, 1157131612890;
639, 383, 1157131612906;
633, 385, 1157131612922;
628, 385, 1157131612937;
623, 385, 1157131612953;
619, 385, 1157131612968;
617, 383, 1157131612984;
616, 382, 1157131613000;
616, 381, 1157131613000;
614, 380, 1157131613015;
614, 379, 1157131613031;
614, 379, 1157131613047;
