552, 225, 1157131618234;
552, 226, 1157131618234;
553, 231, 1157131618250;
554, 237, 1157131618265;
554, 245, 1157131618281;
554, 256, 1157131618297;
554, 267, 1157131618312;
555, 277, 1157131618328;
555, 287, 1157131618328;
555, 295, 1157131618343;
555, 300, 1157131618359;
555, 304, 1157131618375;
555, 306, 1157131618390;
554, 304, 1157131618437;
554, 301, 1157131618453;
554, 298, 1157131618468;
554, 294, 1157131618484;
557, 287, 1157131618500;
561, 281, 1157131618515;
567, 274, 1157131618515;
572, 266, 1157131618531;
577, 263, 1157131618547;
579, 261, 1157131618562;
582, 261, 1157131618578;
585, 261, 1157131618593;
589, 262, 1157131618609;
593, 266, 1157131618609;
598, 271, 1157131618625;
601, 274, 1157131618640;
603, 280, 1157131618656;
603, 287, 1157131618672;
603, 295, 1157131618687;
600, 301, 1157131618703;
595, 308, 1157131618703;
589, 314, 1157131618718;
583, 318, 1157131618734;
576, 321, 1157131618750;
569, 323, 1157131618765;
561, 324, 1157131618781;
552, 324, 1157131618797;
545, 324, 1157131618812;
540, 321, 1157131618812;
537, 318, 1157131618828;
535, 317, 1157131618843;
534, 315, 1157131618859;
534, 314, 1157131618875;
533, 314, 1157131618890;
533, 314, 1157131618890;
