566, 229, 1157131624109;
566, 231, 1157131624109;
566, 236, 1157131624125;
566, 243, 1157131624140;
566, 248, 1157131624156;
566, 257, 1157131624172;
567, 267, 1157131624187;
567, 275, 1157131624203;
568, 284, 1157131624218;
568, 291, 1157131624218;
568, 298, 1157131624234;
568, 301, 1157131624250;
568, 302, 1157131624265;
568, 303, 1157131624281;
568, 299, 1157131624328;
568, 297, 1157131624343;
568, 295, 1157131624359;
569, 292, 1157131624375;
571, 286, 1157131624390;
574, 280, 1157131624406;
579, 274, 1157131624406;
585, 269, 1157131624422;
591, 266, 1157131624437;
597, 265, 1157131624453;
600, 265, 1157131624468;
603, 265, 1157131624484;
606, 267, 1157131624500;
608, 269, 1157131624500;
611, 273, 1157131624515;
613, 277, 1157131624531;
614, 282, 1157131624547;
614, 285, 1157131624562;
614, 288, 1157131624578;
614, 289, 1157131624578;
611, 292, 1157131624609;
609, 295, 1157131624625;
604, 298, 1157131624640;
598, 302, 1157131624656;
592, 305, 1157131624672;
587, 307, 1157131624687;
583, 309, 1157131624687;
579, 309, 1157131624703;
576, 309, 1157131624718;
573, 307, 1157131624734;
568, 305, 1157131624750;
565, 302, 1157131624765;
561, 300, 1157131624781;
560, 298, 1157131624781;
560, 297, 1157131624828;
560, 297, 1157131624828;
