595, 257, 1157131630140;
595, 258, 1157131630172;
595, 260, 1157131630187;
596, 265, 1157131630187;
597, 273, 1157131630203;
599, 280, 1157131630218;
600, 288, 1157131630234;
601, 295, 1157131630250;
601, 301, 1157131630265;
601, 306, 1157131630281;
601, 309, 1157131630281;
601, 311, 1157131630297;
601, 312, 1157131630312;
601, 310, 1157131630375;
601, 309, 1157131630406;
601, 308, 1157131630500;
601, 307, 1157131630531;
602, 305, 1157131630562;
602, 304, 1157131630562;
604, 302, 1157131630578;
606, 301, 1157131630593;
608, 298, 1157131630609;
610, 298, 1157131630625;
611, 297, 1157131630640;
613, 297, 1157131630656;
615, 297, 1157131630672;
617, 297, 1157131630672;
619, 298, 1157131630687;
622, 300, 1157131630703;
624, 302, 1157131630718;
626, 305, 1157131630734;
627, 307, 1157131630750;
627, 309, 1157131630750;
627, 310, 1157131630765;
627, 311, 1157131630781;
627, 312, 1157131630797;
624, 315, 1157131630828;
619, 316, 1157131630843;
615, 318, 1157131630859;
611, 320, 1157131630859;
609, 321, 1157131630875;
608, 321, 1157131630890;
607, 321, 1157131630906;
604, 321, 1157131630922;
602, 321, 1157131630937;
600, 320, 1157131630953;
598, 317, 1157131630953;
596, 315, 1157131630968;
595, 314, 1157131631000;
595, 314, 1157131631062;
