567, 276, 1157131636422;
567, 277, 1157131636437;
568, 278, 1157131636453;
569, 283, 1157131636468;
570, 289, 1157131636484;
571, 297, 1157131636500;
572, 308, 1157131636515;
573, 316, 1157131636515;
574, 325, 1157131636531;
576, 335, 1157131636547;
576, 342, 1157131636562;
576, 347, 1157131636578;
576, 350, 1157131636593;
576, 351, 1157131636609;
576, 348, 1157131636656;
576, 347, 1157131636672;
576, 345, 1157131636687;
576, 344, 1157131636703;
577, 339, 1157131636703;
579, 334, 1157131636718;
582, 328, 1157131636734;
586, 323, 1157131636750;
590, 318, 1157131636765;
594, 316, 1157131636781;
597, 316, 1157131636781;
600, 316, 1157131636797;
603, 317, 1157131636812;
607, 320, 1157131636828;
610, 323, 1157131636843;
612, 328, 1157131636859;
613, 332, 1157131636875;
614, 334, 1157131636890;
615, 336, 1157131636890;
615, 337, 1157131636922;
615, 338, 1157131636937;
614, 339, 1157131636953;
611, 340, 1157131636968;
609, 341, 1157131636984;
605, 342, 1157131636984;
602, 342, 1157131637000;
599, 342, 1157131637015;
596, 343, 1157131637031;
594, 343, 1157131637047;
591, 343, 1157131637062;
590, 343, 1157131637078;
589, 343, 1157131637078;
588, 343, 1157131637093;
587, 343, 1157131637156;
586, 343, 1157131637172;
586, 343, 1157131637172;
