553, 428, 1157690769750;
553, 426, 1157690769765;
557, 422, 1157690769781;
562, 415, 1157690769797;
571, 403, 1157690769812;
580, 393, 1157690769812;
591, 381, 1157690769828;
600, 365, 1157690769843;
607, 352, 1157690769859;
613, 340, 1157690769859;
622, 321, 1157690769875;
633, 298, 1157690769890;
646, 272, 1157690769906;
655, 249, 1157690769922;
660, 233, 1157690769922;
662, 221, 1157690769937;
663, 212, 1157690769953;
663, 207, 1157690769968;
660, 202, 1157690769968;
655, 198, 1157690769984;
649, 198, 1157690770000;
641, 198, 1157690770015;
634, 203, 1157690770031;
626, 211, 1157690770031;
619, 223, 1157690770047;
610, 238, 1157690770062;
602, 253, 1157690770078;
596, 270, 1157690770093;
592, 284, 1157690770093;
590, 297, 1157690770109;
590, 309, 1157690770125;
590, 321, 1157690770140;
592, 333, 1157690770140;
595, 344, 1157690770156;
600, 354, 1157690770172;
604, 362, 1157690770187;
608, 371, 1157690770203;
611, 378, 1157690770203;
614, 384, 1157690770218;
617, 388, 1157690770234;
619, 392, 1157690770250;
622, 394, 1157690770250;
625, 397, 1157690770265;
628, 398, 1157690770281;
632, 398, 1157690770297;
638, 398, 1157690770312;
642, 398, 1157690770312;
646, 398, 1157690770328;
648, 397, 1157690770343;
650, 395, 1157690770359;
652, 394, 1157690770359;
653, 391, 1157690770375;
655, 387, 1157690770390;
656, 383, 1157690770406;
657, 377, 1157690770422;
657, 374, 1157690770422;
657, 371, 1157690770437;
657, 368, 1157690770453;
655, 364, 1157690770468;
654, 361, 1157690770484;
652, 358, 1157690770484;
650, 356, 1157690770500;
648, 354, 1157690770515;
646, 353, 1157690770531;
643, 353, 1157690770531;
642, 352, 1157690770547;
640, 351, 1157690770562;
639, 351, 1157690770578;
640, 351, 1157690770656;
641, 351, 1157690770672;
643, 351, 1157690770687;
645, 351, 1157690770703;
647, 351, 1157690770703;
650, 351, 1157690770718;
652, 351, 1157690770734;
656, 351, 1157690770750;
661, 351, 1157690770750;
664, 350, 1157690770765;
667, 349, 1157690770781;
669, 348, 1157690770797;
670, 348, 1157690770812;
671, 346, 1157690770812;
672, 345, 1157690770828;
673, 343, 1157690770843;
673, 341, 1157690770859;
673, 341, 1157690770859;
