497, 414, 1157690790890;
498, 414, 1157690790922;
499, 413, 1157690790953;
501, 411, 1157690790953;
502, 408, 1157690790968;
505, 405, 1157690790984;
508, 399, 1157690791000;
513, 392, 1157690791000;
519, 381, 1157690791015;
526, 364, 1157690791031;
533, 345, 1157690791047;
541, 322, 1157690791062;
544, 304, 1157690791062;
547, 291, 1157690791078;
548, 278, 1157690791093;
549, 270, 1157690791109;
549, 262, 1157690791109;
549, 254, 1157690791125;
549, 248, 1157690791140;
550, 239, 1157690791156;
550, 234, 1157690791172;
550, 232, 1157690791172;
550, 231, 1157690791187;
545, 246, 1157690791250;
543, 259, 1157690791265;
540, 276, 1157690791281;
538, 291, 1157690791281;
536, 308, 1157690791297;
535, 322, 1157690791312;
535, 337, 1157690791328;
533, 352, 1157690791343;
533, 365, 1157690791343;
533, 377, 1157690791359;
533, 387, 1157690791375;
533, 397, 1157690791390;
534, 406, 1157690791390;
535, 413, 1157690791406;
535, 417, 1157690791422;
537, 421, 1157690791437;
538, 422, 1157690791453;
540, 423, 1157690791453;
542, 423, 1157690791468;
544, 420, 1157690791484;
549, 416, 1157690791500;
553, 413, 1157690791500;
557, 407, 1157690791515;
560, 402, 1157690791531;
563, 397, 1157690791547;
565, 394, 1157690791562;
566, 393, 1157690791562;
566, 392, 1157690791578;
566, 390, 1157690791593;
566, 388, 1157690791609;
564, 387, 1157690791625;
563, 384, 1157690791625;
560, 383, 1157690791640;
559, 381, 1157690791656;
557, 381, 1157690791672;
555, 380, 1157690791672;
553, 380, 1157690791687;
552, 379, 1157690791703;
551, 379, 1157690791718;
549, 379, 1157690791734;
550, 379, 1157690791828;
552, 379, 1157690791843;
553, 379, 1157690791843;
555, 379, 1157690791859;
558, 379, 1157690791875;
561, 379, 1157690791890;
564, 379, 1157690791890;
567, 379, 1157690791906;
569, 378, 1157690791922;
572, 377, 1157690791937;
573, 376, 1157690791953;
574, 375, 1157690791953;
575, 374, 1157690791968;
576, 373, 1157690791984;
576, 371, 1157690792000;
576, 371, 1157690792015;
