530, 322, 1157131527093;
530, 325, 1157131527250;
530, 332, 1157131527265;
530, 342, 1157131527281;
531, 355, 1157131527297;
531, 368, 1157131527312;
531, 383, 1157131527328;
532, 397, 1157131527328;
533, 407, 1157131527343;
534, 412, 1157131527359;
534, 414, 1157131527375;
534, 412, 1157131527422;
534, 410, 1157131527437;
535, 407, 1157131527437;
538, 399, 1157131527453;
541, 391, 1157131527468;
546, 382, 1157131527484;
551, 373, 1157131527500;
557, 364, 1157131527515;
566, 357, 1157131527531;
573, 353, 1157131527531;
579, 352, 1157131527547;
583, 352, 1157131527562;
586, 352, 1157131527578;
589, 354, 1157131527593;
592, 357, 1157131527609;
595, 363, 1157131527625;
597, 369, 1157131527625;
599, 374, 1157131527640;
599, 377, 1157131527656;
599, 380, 1157131527672;
599, 382, 1157131527687;
598, 385, 1157131527703;
593, 390, 1157131527703;
585, 396, 1157131527718;
575, 403, 1157131527734;
567, 408, 1157131527750;
560, 411, 1157131527765;
555, 412, 1157131527781;
552, 412, 1157131527797;
550, 412, 1157131527797;
547, 412, 1157131527812;
545, 411, 1157131527828;
542, 410, 1157131527843;
540, 409, 1157131527859;
537, 409, 1157131527875;
535, 409, 1157131527890;
534, 409, 1157131527906;
534, 409, 1157131527906;
