604, 301, 1157690807703;
603, 304, 1157690807843;
603, 309, 1157690807859;
601, 315, 1157690807875;
601, 321, 1157690807875;
600, 328, 1157690807890;
598, 337, 1157690807906;
597, 347, 1157690807922;
596, 359, 1157690807922;
595, 373, 1157690807937;
595, 387, 1157690807953;
595, 402, 1157690807968;
597, 417, 1157690807984;
600, 430, 1157690807984;
603, 440, 1157690808000;
607, 448, 1157690808015;
611, 454, 1157690808031;
615, 457, 1157690808031;
625, 458, 1157690808047;
635, 458, 1157690808062;
646, 453, 1157690808078;
656, 449, 1157690808093;
667, 443, 1157690808093;
678, 437, 1157690808109;
687, 430, 1157690808125;
693, 425, 1157690808140;
697, 419, 1157690808156;
699, 414, 1157690808156;
700, 409, 1157690808172;
700, 403, 1157690808187;
700, 397, 1157690808203;
697, 391, 1157690808203;
694, 386, 1157690808218;
689, 382, 1157690808234;
682, 379, 1157690808250;
675, 378, 1157690808265;
669, 378, 1157690808265;
664, 378, 1157690808281;
658, 379, 1157690808297;
651, 384, 1157690808312;
642, 390, 1157690808312;
634, 395, 1157690808328;
628, 402, 1157690808343;
623, 409, 1157690808359;
619, 415, 1157690808375;
616, 422, 1157690808375;
613, 432, 1157690808390;
611, 440, 1157690808406;
609, 448, 1157690808422;
608, 455, 1157690808437;
607, 461, 1157690808437;
607, 464, 1157690808453;
607, 467, 1157690808468;
607, 467, 1157690808484;
