549, 280, 1157131536875;
549, 281, 1157131536922;
549, 284, 1157131536937;
551, 290, 1157131536953;
552, 295, 1157131536968;
554, 305, 1157131536984;
556, 316, 1157131536984;
560, 328, 1157131537000;
564, 342, 1157131537015;
568, 358, 1157131537031;
571, 370, 1157131537047;
574, 381, 1157131537062;
574, 385, 1157131537078;
574, 387, 1157131537093;
574, 381, 1157131537140;
574, 378, 1157131537156;
574, 374, 1157131537172;
574, 369, 1157131537187;
576, 364, 1157131537187;
579, 357, 1157131537203;
582, 351, 1157131537218;
586, 348, 1157131537234;
589, 345, 1157131537250;
593, 343, 1157131537265;
597, 343, 1157131537281;
600, 343, 1157131537281;
603, 344, 1157131537297;
606, 347, 1157131537312;
608, 349, 1157131537328;
610, 352, 1157131537343;
610, 356, 1157131537359;
611, 362, 1157131537375;
611, 369, 1157131537375;
611, 374, 1157131537390;
611, 378, 1157131537406;
611, 380, 1157131537422;
610, 381, 1157131537437;
607, 383, 1157131537453;
601, 385, 1157131537468;
594, 387, 1157131537468;
589, 388, 1157131537484;
586, 389, 1157131537500;
584, 390, 1157131537515;
582, 390, 1157131537531;
580, 390, 1157131537547;
578, 390, 1157131537562;
575, 389, 1157131537578;
574, 387, 1157131537578;
573, 386, 1157131537593;
573, 385, 1157131537625;
573, 384, 1157131537640;
573, 384, 1157131537640;
