583, 296, 1157131543718;
583, 297, 1157131543750;
583, 298, 1157131543781;
583, 300, 1157131543797;
583, 303, 1157131543812;
583, 310, 1157131543828;
583, 318, 1157131543828;
583, 330, 1157131543843;
583, 341, 1157131543859;
583, 353, 1157131543875;
583, 363, 1157131543890;
583, 373, 1157131543906;
583, 377, 1157131543922;
583, 379, 1157131543922;
583, 380, 1157131543937;
583, 378, 1157131544015;
583, 376, 1157131544015;
583, 374, 1157131544031;
583, 372, 1157131544047;
583, 366, 1157131544062;
585, 359, 1157131544078;
590, 352, 1157131544093;
594, 343, 1157131544109;
598, 338, 1157131544109;
599, 337, 1157131544125;
602, 335, 1157131544140;
603, 335, 1157131544156;
605, 335, 1157131544172;
607, 335, 1157131544187;
609, 336, 1157131544203;
611, 337, 1157131544218;
615, 339, 1157131544218;
616, 341, 1157131544234;
618, 343, 1157131544250;
621, 344, 1157131544265;
622, 347, 1157131544281;
624, 349, 1157131544297;
624, 351, 1157131544312;
624, 352, 1157131544312;
624, 355, 1157131544328;
622, 357, 1157131544343;
621, 360, 1157131544359;
618, 364, 1157131544375;
616, 365, 1157131544390;
614, 369, 1157131544406;
610, 372, 1157131544406;
607, 375, 1157131544422;
603, 379, 1157131544437;
600, 381, 1157131544453;
596, 383, 1157131544468;
595, 384, 1157131544484;
593, 384, 1157131544500;
590, 384, 1157131544500;
587, 384, 1157131544515;
584, 384, 1157131544531;
582, 384, 1157131544547;
580, 384, 1157131544562;
579, 384, 1157131544593;
579, 383, 1157131544625;
579, 383, 1157131544625;
