582, 279, 1157131550765;
582, 281, 1157131550843;
582, 284, 1157131550859;
582, 289, 1157131550859;
582, 296, 1157131550875;
582, 306, 1157131550890;
582, 317, 1157131550906;
583, 328, 1157131550922;
583, 338, 1157131550937;
584, 348, 1157131550953;
584, 353, 1157131550953;
584, 356, 1157131550968;
584, 358, 1157131550984;
584, 361, 1157131551000;
584, 359, 1157131551078;
584, 358, 1157131551093;
584, 354, 1157131551109;
584, 351, 1157131551125;
587, 345, 1157131551140;
591, 339, 1157131551140;
597, 330, 1157131551156;
603, 324, 1157131551172;
606, 321, 1157131551187;
610, 319, 1157131551203;
611, 319, 1157131551218;
614, 319, 1157131551234;
617, 322, 1157131551234;
623, 326, 1157131551250;
629, 332, 1157131551265;
631, 337, 1157131551281;
633, 340, 1157131551297;
634, 342, 1157131551312;
634, 343, 1157131551328;
634, 346, 1157131551328;
634, 348, 1157131551343;
632, 349, 1157131551359;
630, 351, 1157131551375;
625, 353, 1157131551390;
621, 356, 1157131551406;
617, 357, 1157131551422;
614, 358, 1157131551422;
611, 358, 1157131551437;
609, 358, 1157131551453;
605, 358, 1157131551468;
602, 358, 1157131551484;
597, 358, 1157131551500;
593, 358, 1157131551515;
590, 358, 1157131551515;
588, 358, 1157131551531;
586, 357, 1157131551547;
586, 356, 1157131551578;
586, 356, 1157131551578;
