579, 256, 1157131558312;
579, 258, 1157131558343;
579, 259, 1157131558359;
579, 263, 1157131558375;
579, 269, 1157131558375;
580, 275, 1157131558390;
581, 282, 1157131558406;
582, 290, 1157131558422;
582, 297, 1157131558437;
582, 304, 1157131558453;
582, 312, 1157131558468;
582, 319, 1157131558468;
582, 324, 1157131558484;
582, 330, 1157131558500;
582, 332, 1157131558515;
582, 333, 1157131558531;
582, 331, 1157131558593;
582, 330, 1157131558609;
582, 328, 1157131558625;
582, 324, 1157131558640;
583, 316, 1157131558656;
584, 310, 1157131558656;
588, 304, 1157131558687;
592, 298, 1157131558687;
597, 294, 1157131558703;
602, 291, 1157131558718;
605, 290, 1157131558734;
608, 290, 1157131558750;
611, 290, 1157131558750;
613, 291, 1157131558765;
617, 295, 1157131558781;
621, 299, 1157131558797;
625, 305, 1157131558812;
627, 311, 1157131558828;
629, 318, 1157131558843;
629, 326, 1157131558843;
626, 333, 1157131558859;
623, 340, 1157131558875;
621, 345, 1157131558890;
617, 348, 1157131558906;
614, 351, 1157131558922;
609, 354, 1157131558937;
605, 355, 1157131558937;
598, 356, 1157131558953;
592, 356, 1157131558968;
588, 356, 1157131558984;
585, 356, 1157131559000;
583, 354, 1157131559015;
581, 352, 1157131559031;
579, 350, 1157131559031;
579, 349, 1157131559062;
579, 349, 1157131559125;
