555, 241, 1157131564968;
555, 243, 1157131564984;
557, 245, 1157131565000;
559, 250, 1157131565015;
560, 257, 1157131565015;
561, 264, 1157131565031;
563, 271, 1157131565047;
564, 282, 1157131565062;
565, 292, 1157131565078;
566, 303, 1157131565093;
567, 313, 1157131565109;
568, 320, 1157131565109;
568, 324, 1157131565125;
568, 325, 1157131565140;
568, 326, 1157131565156;
568, 324, 1157131565203;
568, 321, 1157131565203;
568, 318, 1157131565218;
567, 313, 1157131565234;
567, 307, 1157131565250;
567, 302, 1157131565265;
569, 295, 1157131565281;
571, 290, 1157131565297;
578, 283, 1157131565297;
585, 277, 1157131565312;
592, 274, 1157131565328;
598, 273, 1157131565343;
602, 273, 1157131565359;
607, 274, 1157131565375;
610, 278, 1157131565390;
614, 283, 1157131565390;
618, 289, 1157131565406;
622, 294, 1157131565422;
624, 299, 1157131565437;
626, 305, 1157131565453;
626, 309, 1157131565468;
626, 315, 1157131565484;
624, 319, 1157131565484;
621, 323, 1157131565500;
616, 326, 1157131565515;
612, 329, 1157131565531;
606, 330, 1157131565547;
597, 330, 1157131565562;
587, 330, 1157131565578;
579, 327, 1157131565593;
573, 324, 1157131565593;
568, 322, 1157131565609;
566, 319, 1157131565625;
565, 317, 1157131565640;
563, 316, 1157131565656;
561, 314, 1157131565672;
560, 313, 1157131565672;
560, 313, 1157131565687;
