573, 186, 1157131571593;
573, 189, 1157131571609;
573, 193, 1157131571625;
573, 200, 1157131571640;
573, 207, 1157131571656;
573, 215, 1157131571672;
573, 224, 1157131571672;
573, 234, 1157131571687;
573, 243, 1157131571703;
573, 253, 1157131571718;
573, 263, 1157131571734;
574, 271, 1157131571750;
574, 276, 1157131571765;
574, 279, 1157131571781;
571, 272, 1157131571843;
570, 268, 1157131571859;
570, 262, 1157131571875;
570, 256, 1157131571875;
573, 248, 1157131571890;
578, 241, 1157131571906;
584, 234, 1157131571922;
592, 227, 1157131571937;
600, 221, 1157131571953;
605, 219, 1157131571968;
608, 219, 1157131571968;
611, 219, 1157131571984;
613, 222, 1157131572000;
616, 225, 1157131572015;
621, 233, 1157131572031;
625, 241, 1157131572047;
630, 252, 1157131572062;
633, 262, 1157131572062;
634, 269, 1157131572078;
634, 272, 1157131572093;
634, 274, 1157131572109;
632, 274, 1157131572125;
627, 278, 1157131572140;
621, 281, 1157131572156;
616, 285, 1157131572156;
610, 287, 1157131572172;
603, 288, 1157131572187;
597, 288, 1157131572203;
590, 285, 1157131572218;
585, 283, 1157131572234;
581, 280, 1157131572250;
579, 278, 1157131572250;
577, 274, 1157131572265;
575, 273, 1157131572281;
574, 271, 1157131572297;
574, 270, 1157131572312;
574, 270, 1157131572328;
