541, 361, 1157131581656;
541, 362, 1157131581687;
541, 365, 1157131581703;
541, 372, 1157131581718;
541, 381, 1157131581734;
541, 390, 1157131581750;
541, 402, 1157131581765;
541, 414, 1157131581781;
541, 425, 1157131581781;
541, 432, 1157131581797;
541, 437, 1157131581812;
541, 439, 1157131581828;
541, 440, 1157131581843;
541, 438, 1157131581890;
541, 436, 1157131581906;
542, 429, 1157131581922;
547, 416, 1157131581937;
554, 402, 1157131581953;
566, 383, 1157131581953;
572, 372, 1157131581968;
577, 366, 1157131581984;
581, 364, 1157131582000;
583, 364, 1157131582015;
586, 367, 1157131582031;
590, 373, 1157131582047;
594, 380, 1157131582062;
596, 388, 1157131582062;
598, 398, 1157131582078;
598, 406, 1157131582093;
598, 413, 1157131582109;
594, 420, 1157131582125;
591, 426, 1157131582140;
588, 430, 1157131582156;
584, 435, 1157131582156;
580, 438, 1157131582172;
577, 440, 1157131582187;
572, 442, 1157131582203;
568, 442, 1157131582218;
564, 442, 1157131582234;
558, 440, 1157131582250;
555, 438, 1157131582250;
552, 436, 1157131582265;
549, 435, 1157131582281;
548, 433, 1157131582297;
547, 431, 1157131582312;
545, 429, 1157131582328;
544, 428, 1157131582343;
544, 427, 1157131582343;
544, 426, 1157131582359;
544, 426, 1157131582359;
