677, 251, 1156964058266;
677, 252, 1156964058437;
677, 256, 1156964058453;
674, 267, 1156964058469;
666, 292, 1156964058484;
648, 344, 1156964058484;
626, 397, 1156964058500;
598, 445, 1156964058516;
571, 483, 1156964058531;
551, 506, 1156964058547;
524, 523, 1156964058562;
505, 530, 1156964058578;
491, 530, 1156964058578;
476, 525, 1156964058594;
468, 516, 1156964058609;
460, 506, 1156964058625;
458, 494, 1156964058641;
458, 478, 1156964058656;
465, 453, 1156964058672;
482, 424, 1156964058672;
501, 403, 1156964058687;
523, 391, 1156964058703;
539, 386, 1156964058719;
554, 386, 1156964058734;
573, 389, 1156964058750;
598, 397, 1156964058766;
620, 404, 1156964058766;
649, 411, 1156964058781;
679, 419, 1156964058797;
702, 422, 1156964058812;
730, 424, 1156964058828;
749, 424, 1156964058844;
765, 420, 1156964058859;
784, 410, 1156964058859;
796, 397, 1156964058875;
809, 380, 1156964058891;
815, 366, 1156964058906;
818, 355, 1156964058922;
821, 345, 1156964058937;
821, 336, 1156964058953;
821, 325, 1156964058969;
815, 314, 1156964058969;
804, 302, 1156964058984;
794, 292, 1156964059000;
787, 287, 1156964059016;
782, 284, 1156964059031;
780, 283, 1156964059047;
779, 283, 1156964059047;
777, 283, 1156964059062;
774, 283, 1156964059078;
774, 283, 1156964059078;
