597, 261, 1156964056719;
597, 259, 1156964056734;
594, 255, 1156964056750;
586, 243, 1156964056781;
577, 235, 1156964056781;
566, 228, 1156964056797;
553, 218, 1156964056812;
540, 211, 1156964056828;
526, 208, 1156964056844;
512, 208, 1156964056859;
499, 214, 1156964056859;
488, 227, 1156964056875;
475, 246, 1156964056891;
463, 272, 1156964056906;
450, 300, 1156964056922;
443, 320, 1156964056937;
443, 333, 1156964056953;
446, 345, 1156964056969;
455, 357, 1156964056969;
464, 366, 1156964056984;
475, 374, 1156964057000;
491, 377, 1156964057016;
503, 378, 1156964057031;
512, 378, 1156964057047;
520, 374, 1156964057047;
528, 369, 1156964057062;
533, 362, 1156964057078;
537, 352, 1156964057094;
538, 344, 1156964057109;
538, 336, 1156964057125;
534, 329, 1156964057141;
530, 321, 1156964057156;
526, 315, 1156964057156;
519, 311, 1156964057172;
511, 308, 1156964057187;
502, 307, 1156964057203;
494, 307, 1156964057219;
491, 307, 1156964057234;
491, 307, 1156964057234;
