564, 159, 1156964075953;
564, 160, 1156964076016;
562, 167, 1156964076031;
562, 177, 1156964076047;
562, 191, 1156964076062;
562, 209, 1156964076078;
562, 225, 1156964076078;
562, 247, 1156964076094;
562, 269, 1156964076109;
562, 296, 1156964076125;
562, 321, 1156964076141;
563, 349, 1156964076156;
563, 371, 1156964076172;
564, 384, 1156964076172;
564, 396, 1156964076187;
564, 403, 1156964076203;
564, 406, 1156964076219;
564, 407, 1156964076234;
564, 410, 1156964076266;
564, 412, 1156964076266;
564, 413, 1156964076281;
564, 414, 1156964076312;
564, 414, 1156964076391;