431, 341, 1156964084703;
432, 341, 1156964084719;
433, 342, 1156964084734;
434, 343, 1156964084750;
439, 344, 1156964084766;
445, 345, 1156964084766;
452, 346, 1156964084781;
457, 347, 1156964084797;
461, 348, 1156964084812;
468, 349, 1156964084828;
479, 349, 1156964084844;
492, 350, 1156964084859;
508, 351, 1156964084859;
530, 351, 1156964084875;
548, 352, 1156964084891;
559, 352, 1156964084906;
574, 352, 1156964084922;
589, 352, 1156964084937;
602, 352, 1156964084953;
616, 352, 1156964084953;
632, 352, 1156964084969;
646, 352, 1156964084984;
655, 352, 1156964085000;
662, 352, 1156964085016;
665, 352, 1156964085031;
667, 353, 1156964085047;
669, 353, 1156964085047;
670, 353, 1156964085062;
670, 354, 1156964085078;
672, 354, 1156964085094;
674, 354, 1156964085109;
676, 354, 1156964085125;
677, 354, 1156964085141;
677, 354, 1156964085234;