626, 159, 1156959168983;
624, 159, 1156959169108;
532, 205, 1156959169218;
521, 222, 1156959169233;
514, 235, 1156959169249;
510, 251, 1156959169265;
509, 268, 1156959169265;
509, 282, 1156959169280;
511, 297, 1156959169296;
516, 314, 1156959169311;
523, 325, 1156959169327;
533, 335, 1156959169343;
546, 344, 1156959169358;
557, 350, 1156959169358;
569, 356, 1156959169374;
584, 358, 1156959169390;
599, 359, 1156959169405;
612, 359, 1156959169421;
630, 353, 1156959169436;
655, 344, 1156959169452;
668, 337, 1156959169452;
677, 332, 1156959169468;
681, 327, 1156959169483;
685, 322, 1156959169499;
689, 315, 1156959169515;
693, 302, 1156959169530;
693, 292, 1156959169546;
693, 279, 1156959169546;
690, 264, 1156959169561;
686, 253, 1156959169577;
681, 245, 1156959169593;
672, 240, 1156959169608;
660, 236, 1156959169624;
648, 235, 1156959169640;
636, 235, 1156959169640;
624, 237, 1156959169655;
614, 240, 1156959169671;
604, 243, 1156959169686;
598, 246, 1156959169702;
594, 249, 1156959169718;
590, 254, 1156959169733;
588, 257, 1156959169749;
585, 262, 1156959169749;
585, 265, 1156959169765;
585, 267, 1156959169780;
584, 267, 1156959169796;
584, 267, 1156959169796;
