609, 469, 1156964063906;
610, 468, 1156964064016;
612, 464, 1156964064031;
616, 454, 1156964064047;
634, 427, 1156964064062;
657, 387, 1156964064062;
678, 348, 1156964064078;
696, 323, 1156964064094;
712, 305, 1156964064109;
726, 295, 1156964064125;
736, 288, 1156964064141;
746, 284, 1156964064156;
759, 281, 1156964064156;
771, 279, 1156964064172;
781, 279, 1156964064187;
787, 281, 1156964064203;
794, 288, 1156964064219;
801, 295, 1156964064234;
810, 305, 1156964064250;
819, 315, 1156964064250;
829, 329, 1156964064266;
838, 338, 1156964064281;
845, 344, 1156964064297;
855, 347, 1156964064312;
862, 348, 1156964064328;
870, 348, 1156964064344;
877, 342, 1156964064359;
883, 326, 1156964064359;
887, 310, 1156964064375;
890, 290, 1156964064391;
893, 269, 1156964064406;
895, 249, 1156964064422;
898, 226, 1156964064437;
898, 209, 1156964064437;
898, 197, 1156964064453;
898, 186, 1156964064469;
897, 181, 1156964064484;
895, 178, 1156964064500;
893, 175, 1156964064516;
892, 174, 1156964064531;
890, 172, 1156964064531;
885, 171, 1156964064547;
878, 170, 1156964064562;
868, 170, 1156964064578;
852, 174, 1156964064594;
818, 190, 1156964064609;
789, 206, 1156964064625;
768, 220, 1156964064641;
744, 232, 1156964064641;
726, 240, 1156964064656;
711, 247, 1156964064672;
691, 255, 1156964064687;
664, 272, 1156964064703;
634, 293, 1156964064719;
604, 315, 1156964064719;
582, 332, 1156964064734;
565, 345, 1156964064750;
546, 356, 1156964064766;
530, 367, 1156964064781;
515, 378, 1156964064797;
504, 384, 1156964064812;
493, 388, 1156964064812;
485, 388, 1156964064828;
480, 380, 1156964064844;
476, 368, 1156964064859;
476, 352, 1156964064875;
474, 332, 1156964064891;
474, 319, 1156964064906;
474, 305, 1156964064922;
477, 292, 1156964064922;
483, 274, 1156964064937;
492, 260, 1156964064953;
496, 254, 1156964064969;
499, 251, 1156964064984;
500, 250, 1156964065000;
500, 250, 1156964065062;