456, 130, 1156964060828;
456, 132, 1156964060906;
455, 141, 1156964060922;
453, 154, 1156964060937;
449, 177, 1156964060953;
445, 206, 1156964060969;
445, 239, 1156964060984;
443, 267, 1156964060984;
443, 286, 1156964061000;
443, 296, 1156964061016;
445, 303, 1156964061031;
445, 308, 1156964061047;
446, 309, 1156964061062;
449, 311, 1156964061078;
453, 311, 1156964061078;
459, 311, 1156964061094;
471, 308, 1156964061109;
487, 303, 1156964061125;
500, 300, 1156964061141;
517, 298, 1156964061156;
543, 295, 1156964061172;
560, 293, 1156964061187;
573, 292, 1156964061187;
585, 292, 1156964061203;
596, 290, 1156964061219;
603, 290, 1156964061234;
606, 290, 1156964061250;
608, 290, 1156964061266;
609, 290, 1156964061281;
600, 276, 1156964061359;
590, 262, 1156964061359;
580, 242, 1156964061375;
574, 227, 1156964061391;
571, 218, 1156964061406;
569, 211, 1156964061422;
567, 207, 1156964061437;
566, 203, 1156964061453;
565, 198, 1156964061469;
563, 196, 1156964061469;
562, 195, 1156964061484;
559, 195, 1156964061500;
552, 195, 1156964061516;
546, 195, 1156964061531;
537, 197, 1156964061547;
532, 198, 1156964061547;
526, 199, 1156964061562;
519, 200, 1156964061578;
511, 201, 1156964061594;
503, 201, 1156964061609;
497, 201, 1156964061625;
493, 198, 1156964061641;
489, 196, 1156964061656;
489, 196, 1156964061656;
