670, 181, 1156964071172;
669, 184, 1156964071312;
650, 228, 1156964071375;
638, 249, 1156964071391;
619, 276, 1156964071406;
596, 306, 1156964071422;
571, 344, 1156964071437;
541, 380, 1156964071453;
506, 415, 1156964071453;
485, 438, 1156964071469;
470, 452, 1156964071484;
457, 459, 1156964071500;
450, 461, 1156964071516;
443, 462, 1156964071531;
438, 462, 1156964071547;
435, 462, 1156964071547;
433, 462, 1156964071562;
431, 462, 1156964071578;
434, 462, 1156964071687;
439, 460, 1156964071703;
449, 457, 1156964071719;
463, 451, 1156964071734;
486, 438, 1156964071734;
515, 426, 1156964071750;
543, 413, 1156964071766;
576, 401, 1156964071781;
608, 387, 1156964071797;
639, 371, 1156964071812;
670, 355, 1156964071828;
699, 342, 1156964071828;
730, 330, 1156964071844;
747, 323, 1156964071859;
757, 318, 1156964071875;
760, 316, 1156964071891;
761, 316, 1156964071906;
761, 315, 1156964071922;
761, 316, 1156964071969;
761, 317, 1156964071984;
760, 318, 1156964072000;
759, 320, 1156964072016;
754, 329, 1156964072031;
743, 350, 1156964072031;
728, 377, 1156964072047;
717, 405, 1156964072062;
708, 427, 1156964072078;
700, 450, 1156964072094;
695, 466, 1156964072109;
692, 478, 1156964072125;
690, 485, 1156964072125;
689, 490, 1156964072141;
688, 491, 1156964072156;
688, 492, 1156964072172;
691, 489, 1156964072312;
697, 484, 1156964072312;
713, 471, 1156964072328;
736, 450, 1156964072344;
761, 429, 1156964072359;
787, 407, 1156964072375;
805, 391, 1156964072391;
814, 383, 1156964072406;
821, 378, 1156964072406;
826, 374, 1156964072422;
828, 373, 1156964072437;
829, 373, 1156964072453;
830, 372, 1156964072469;
830, 372, 1156964072703;