386, 284, 1157145350422;
387, 285, 1157145350468;
388, 288, 1157145350484;
390, 290, 1157145350484;
392, 293, 1157145350500;
395, 297, 1157145350515;
400, 303, 1157145350531;
406, 310, 1157145350547;
413, 320, 1157145350562;
418, 327, 1157145350578;
421, 332, 1157145350593;
423, 334, 1157145350593;
424, 334, 1157145350609;
424, 332, 1157145350656;
424, 329, 1157145350672;
424, 324, 1157145350672;
428, 314, 1157145350687;
431, 305, 1157145350703;
435, 298, 1157145350718;
437, 294, 1157145350734;
437, 293, 1157145350750;
437, 292, 1157145350765;
437, 291, 1157145350781;
437, 290, 1157145350797;
435, 290, 1157145350812;
435, 289, 1157145350828;
434, 288, 1157145350843;
433, 288, 1157145350859;
432, 288, 1157145350875;
431, 288, 1157145350906;
430, 288, 1157145350922;
428, 288, 1157145350937;
423, 292, 1157145350953;
415, 297, 1157145350953;
405, 306, 1157145350968;
396, 314, 1157145350984;
391, 319, 1157145351000;
387, 323, 1157145351015;
386, 325, 1157145351031;
384, 326, 1157145351047;
384, 326, 1157145351047;
