365, 219, 1157145422687;
368, 226, 1157145422797;
371, 233, 1157145422812;
376, 243, 1157145422828;
381, 254, 1157145422843;
385, 262, 1157145422859;
390, 271, 1157145422875;
395, 280, 1157145422890;
398, 285, 1157145422890;
400, 288, 1157145422906;
401, 289, 1157145422922;
402, 290, 1157145422937;
402, 289, 1157145423000;
402, 288, 1157145423015;
402, 285, 1157145423031;
404, 276, 1157145423047;
409, 264, 1157145423062;
414, 246, 1157145423078;
418, 228, 1157145423078;
421, 216, 1157145423093;
423, 207, 1157145423109;
423, 203, 1157145423125;
423, 200, 1157145423140;
423, 199, 1157145423156;
423, 198, 1157145423172;
423, 197, 1157145423187;
421, 197, 1157145423218;
419, 197, 1157145423234;
415, 201, 1157145423250;
405, 211, 1157145423265;
391, 229, 1157145423265;
379, 245, 1157145423281;
366, 262, 1157145423297;
354, 277, 1157145423312;
344, 289, 1157145423328;
338, 299, 1157145423343;
333, 305, 1157145423359;
329, 307, 1157145423359;
328, 309, 1157145423390;
327, 309, 1157145423406;
327, 309, 1157145423468;
