432, 229, 1157145429000;
432, 230, 1157145429093;
433, 236, 1157145429109;
435, 241, 1157145429125;
437, 247, 1157145429140;
441, 256, 1157145429156;
444, 265, 1157145429172;
449, 276, 1157145429172;
453, 286, 1157145429187;
456, 293, 1157145429203;
458, 297, 1157145429218;
458, 295, 1157145429281;
458, 294, 1157145429297;
459, 292, 1157145429328;
460, 288, 1157145429343;
463, 280, 1157145429359;
467, 269, 1157145429359;
471, 257, 1157145429375;
475, 244, 1157145429390;
477, 231, 1157145429406;
479, 223, 1157145429422;
480, 220, 1157145429437;
480, 219, 1157145429453;
480, 218, 1157145429468;
478, 218, 1157145429531;
476, 218, 1157145429547;
475, 219, 1157145429562;
471, 222, 1157145429562;
466, 228, 1157145429578;
456, 239, 1157145429593;
449, 247, 1157145429609;
443, 252, 1157145429625;
438, 257, 1157145429640;
435, 260, 1157145429656;
433, 263, 1157145429656;
430, 265, 1157145429672;
430, 267, 1157145429687;
429, 267, 1157145429703;
429, 268, 1157145429797;
429, 268, 1157145429859;
