413, 267, 1157145435125;
413, 268, 1157145435234;
413, 270, 1157145435250;
414, 274, 1157145435265;
417, 278, 1157145435281;
421, 284, 1157145435297;
428, 293, 1157145435312;
435, 302, 1157145435312;
442, 311, 1157145435328;
448, 318, 1157145435343;
451, 323, 1157145435359;
453, 325, 1157145435375;
454, 326, 1157145435390;
454, 325, 1157145435453;
454, 324, 1157145435468;
454, 320, 1157145435484;
454, 312, 1157145435500;
454, 304, 1157145435515;
455, 293, 1157145435515;
456, 283, 1157145435531;
456, 278, 1157145435547;
456, 275, 1157145435562;
455, 274, 1157145435578;
454, 272, 1157145435593;
452, 271, 1157145435609;
451, 270, 1157145435625;
450, 269, 1157145435640;
449, 269, 1157145435656;
448, 269, 1157145435672;
446, 271, 1157145435703;
441, 275, 1157145435703;
436, 282, 1157145435718;
429, 289, 1157145435734;
424, 295, 1157145435750;
420, 301, 1157145435765;
415, 310, 1157145435781;
410, 316, 1157145435797;
407, 319, 1157145435797;
407, 321, 1157145435812;
406, 321, 1157145435828;
405, 323, 1157145435859;
405, 325, 1157145435875;
403, 327, 1157145435890;
403, 328, 1157145435890;
402, 328, 1157145435906;
401, 328, 1157145435937;
401, 328, 1157145435968;
