437, 311, 1157145440172;
438, 313, 1157145440187;
439, 316, 1157145440203;
441, 319, 1157145440218;
443, 323, 1157145440234;
446, 329, 1157145440250;
451, 337, 1157145440265;
456, 345, 1157145440265;
461, 353, 1157145440281;
465, 357, 1157145440297;
468, 361, 1157145440312;
470, 363, 1157145440328;
472, 365, 1157145440343;
473, 365, 1157145440375;
473, 363, 1157145440406;
473, 362, 1157145440422;
473, 359, 1157145440437;
473, 352, 1157145440453;
473, 344, 1157145440468;
473, 338, 1157145440468;
473, 334, 1157145440484;
473, 332, 1157145440500;
473, 331, 1157145440531;
473, 330, 1157145440547;
473, 329, 1157145440578;
472, 328, 1157145440609;
471, 328, 1157145440625;
471, 327, 1157145440640;
471, 326, 1157145440656;
470, 326, 1157145440656;
469, 325, 1157145440672;
468, 324, 1157145440703;
467, 323, 1157145440718;
466, 323, 1157145440734;
466, 322, 1157145440750;
465, 321, 1157145440765;
464, 320, 1157145440781;
463, 320, 1157145440828;
462, 320, 1157145440843;
462, 321, 1157145440843;
460, 322, 1157145440859;
459, 324, 1157145440875;
457, 328, 1157145440890;
453, 332, 1157145440906;
448, 337, 1157145440922;
443, 343, 1157145440937;
438, 350, 1157145440953;
434, 354, 1157145440953;
433, 356, 1157145440968;
432, 356, 1157145440984;
432, 357, 1157145441000;
431, 357, 1157145441015;
431, 357, 1157145441093;
