387, 267, 1157145448265;
388, 268, 1157145448328;
390, 271, 1157145448343;
393, 275, 1157145448359;
397, 279, 1157145448375;
402, 283, 1157145448375;
409, 289, 1157145448390;
416, 295, 1157145448406;
423, 302, 1157145448422;
428, 309, 1157145448437;
432, 312, 1157145448453;
434, 314, 1157145448468;
435, 314, 1157145448500;
435, 312, 1157145448515;
435, 310, 1157145448531;
435, 305, 1157145448547;
435, 296, 1157145448562;
435, 285, 1157145448562;
435, 275, 1157145448578;
435, 265, 1157145448593;
435, 260, 1157145448609;
435, 257, 1157145448625;
435, 256, 1157145448640;
434, 256, 1157145448703;
433, 256, 1157145448718;
432, 256, 1157145448750;
431, 257, 1157145448812;
428, 261, 1157145448828;
423, 268, 1157145448843;
418, 280, 1157145448859;
410, 292, 1157145448859;
404, 303, 1157145448875;
400, 309, 1157145448890;
399, 311, 1157145448906;
398, 312, 1157145448922;
398, 312, 1157145449047;
