429, 271, 1157145453437;
430, 273, 1157145453547;
431, 275, 1157145453562;
433, 279, 1157145453578;
435, 284, 1157145453593;
438, 290, 1157145453609;
441, 297, 1157145453609;
445, 304, 1157145453625;
450, 310, 1157145453640;
454, 315, 1157145453656;
458, 320, 1157145453672;
460, 322, 1157145453687;
461, 323, 1157145453703;
462, 324, 1157145453718;
463, 324, 1157145453718;
463, 322, 1157145453781;
463, 321, 1157145453797;
463, 319, 1157145453797;
463, 312, 1157145453812;
464, 303, 1157145453828;
466, 293, 1157145453843;
467, 284, 1157145453859;
469, 280, 1157145453875;
469, 277, 1157145453890;
469, 276, 1157145453890;
469, 275, 1157145453922;
468, 274, 1157145454015;
468, 273, 1157145454031;
467, 273, 1157145454047;
466, 273, 1157145454062;
465, 274, 1157145454093;
460, 277, 1157145454093;
453, 284, 1157145454109;
446, 290, 1157145454125;
440, 299, 1157145454140;
435, 306, 1157145454156;
432, 311, 1157145454172;
430, 312, 1157145454187;
430, 313, 1157145454187;
429, 313, 1157145454203;
429, 314, 1157145454250;
429, 315, 1157145454281;
429, 315, 1157145454359;
