369, 285, 1157145460203;
371, 287, 1157145460312;
373, 289, 1157145460328;
377, 294, 1157145460343;
382, 299, 1157145460359;
386, 306, 1157145460375;
391, 315, 1157145460390;
397, 322, 1157145460390;
402, 331, 1157145460406;
406, 338, 1157145460422;
409, 342, 1157145460437;
410, 345, 1157145460453;
411, 346, 1157145460468;
411, 344, 1157145460515;
411, 342, 1157145460531;
411, 341, 1157145460547;
411, 338, 1157145460562;
411, 331, 1157145460578;
414, 320, 1157145460578;
416, 308, 1157145460593;
418, 296, 1157145460609;
420, 283, 1157145460625;
421, 275, 1157145460640;
421, 271, 1157145460656;
421, 268, 1157145460672;
421, 267, 1157145460672;
419, 267, 1157145460718;
418, 267, 1157145460750;
417, 267, 1157145460765;
416, 267, 1157145460781;
415, 269, 1157145460797;
412, 273, 1157145460812;
407, 281, 1157145460828;
403, 287, 1157145460843;
399, 294, 1157145460859;
393, 301, 1157145460859;
387, 309, 1157145460875;
383, 315, 1157145460890;
382, 318, 1157145460906;
381, 319, 1157145460922;
381, 320, 1157145460953;
380, 321, 1157145460984;
379, 323, 1157145461000;
379, 324, 1157145461015;
377, 326, 1157145461031;
376, 328, 1157145461047;
376, 329, 1157145461062;
375, 330, 1157145461093;
373, 334, 1157145461156;
372, 335, 1157145461172;
372, 335, 1157145461250;
