401, 286, 1157145466203;
402, 287, 1157145466328;
404, 289, 1157145466343;
406, 292, 1157145466359;
409, 297, 1157145466359;
413, 302, 1157145466375;
417, 308, 1157145466390;
421, 313, 1157145466406;
426, 319, 1157145466422;
429, 324, 1157145466437;
431, 328, 1157145466453;
433, 330, 1157145466453;
434, 332, 1157145466468;
435, 333, 1157145466484;
436, 334, 1157145466500;
436, 332, 1157145466547;
436, 331, 1157145466578;
436, 329, 1157145466593;
436, 328, 1157145466609;
436, 323, 1157145466625;
436, 316, 1157145466640;
436, 309, 1157145466640;
438, 301, 1157145466656;
439, 295, 1157145466672;
440, 293, 1157145466687;
440, 292, 1157145466703;
440, 291, 1157145466718;
439, 291, 1157145466953;
438, 291, 1157145466968;
436, 292, 1157145466984;
434, 293, 1157145467000;
430, 296, 1157145467015;
426, 300, 1157145467031;
424, 302, 1157145467031;
421, 305, 1157145467047;
419, 308, 1157145467062;
416, 311, 1157145467078;
415, 313, 1157145467093;
413, 316, 1157145467109;
411, 317, 1157145467125;
410, 318, 1157145467125;
409, 320, 1157145467140;
408, 320, 1157145467156;
405, 324, 1157145467281;
404, 324, 1157145467312;
404, 324, 1157145467328;
