484, 304, 1157691808562;
484, 305, 1157691808578;
485, 306, 1157691808593;
486, 308, 1157691808609;
488, 310, 1157691808625;
490, 312, 1157691808640;
492, 316, 1157691808656;
495, 322, 1157691808656;
499, 330, 1157691808672;
503, 337, 1157691808687;
508, 347, 1157691808703;
513, 356, 1157691808718;
517, 365, 1157691808734;
522, 371, 1157691808750;
526, 375, 1157691808750;
530, 377, 1157691808765;
536, 378, 1157691808781;
543, 378, 1157691808797;
548, 376, 1157691808812;
552, 374, 1157691808828;
556, 369, 1157691808843;
558, 363, 1157691808859;
560, 355, 1157691808859;
562, 344, 1157691808875;
563, 333, 1157691808890;
564, 323, 1157691808906;
564, 315, 1157691808922;
564, 307, 1157691808937;
562, 301, 1157691808937;
560, 296, 1157691808953;
558, 294, 1157691808968;
556, 293, 1157691808984;
554, 292, 1157691809000;
551, 292, 1157691809015;
548, 292, 1157691809031;
545, 293, 1157691809047;
539, 298, 1157691809047;
531, 307, 1157691809062;
521, 320, 1157691809078;
506, 340, 1157691809093;
488, 365, 1157691809109;
472, 389, 1157691809125;
460, 408, 1157691809140;
460, 408, 1157691809140;
