486, 303, 1157691831234;
486, 305, 1157691831453;
486, 306, 1157691831468;
488, 309, 1157691831484;
489, 311, 1157691831500;
492, 315, 1157691831515;
494, 318, 1157691831515;
498, 323, 1157691831531;
502, 329, 1157691831547;
507, 335, 1157691831562;
512, 341, 1157691831578;
515, 346, 1157691831593;
519, 351, 1157691831609;
524, 355, 1157691831625;
529, 360, 1157691831625;
536, 364, 1157691831640;
542, 368, 1157691831656;
547, 369, 1157691831672;
548, 370, 1157691831687;
549, 370, 1157691831703;
552, 360, 1157691831750;
554, 352, 1157691831765;
556, 344, 1157691831781;
558, 335, 1157691831797;
559, 330, 1157691831812;
560, 323, 1157691831812;
560, 316, 1157691831828;
560, 313, 1157691831843;
560, 310, 1157691831859;
560, 308, 1157691831875;
560, 307, 1157691831890;
560, 306, 1157691831906;
560, 305, 1157691831906;
560, 304, 1157691831922;
560, 303, 1157691831937;
560, 302, 1157691831953;
560, 300, 1157691831968;
560, 299, 1157691831984;
561, 297, 1157691832031;
561, 296, 1157691832047;
561, 295, 1157691832062;
559, 295, 1157691832218;
556, 298, 1157691832234;
548, 304, 1157691832250;
538, 314, 1157691832265;
526, 326, 1157691832281;
516, 336, 1157691832281;
502, 349, 1157691832297;
487, 363, 1157691832312;
475, 374, 1157691832328;
465, 380, 1157691832343;
459, 384, 1157691832359;
453, 386, 1157691832375;
453, 386, 1157691832375;
