393, 361, 1157145366718;
394, 361, 1157145366781;
396, 362, 1157145366797;
397, 364, 1157145366812;
400, 367, 1157145366828;
402, 372, 1157145366843;
408, 378, 1157145366843;
413, 384, 1157145366859;
419, 389, 1157145366875;
424, 393, 1157145366890;
427, 394, 1157145366906;
429, 394, 1157145366922;
430, 394, 1157145366937;
432, 391, 1157145366937;
435, 388, 1157145366953;
438, 384, 1157145366968;
440, 377, 1157145366984;
443, 368, 1157145367000;
445, 358, 1157145367015;
446, 350, 1157145367031;
447, 346, 1157145367031;
447, 343, 1157145367047;
446, 342, 1157145367093;
445, 342, 1157145367109;
444, 342, 1157145367125;
443, 343, 1157145367125;
439, 347, 1157145367140;
432, 354, 1157145367156;
423, 363, 1157145367172;
412, 374, 1157145367187;
405, 384, 1157145367203;
398, 395, 1157145367218;
393, 403, 1157145367234;
389, 408, 1157145367234;
387, 410, 1157145367250;
386, 411, 1157145367265;
386, 411, 1157145367312;
