522, 271, 1157691840734;
522, 272, 1157691840734;
524, 274, 1157691840750;
528, 276, 1157691840765;
534, 280, 1157691840781;
541, 285, 1157691840797;
550, 293, 1157691840812;
559, 301, 1157691840828;
570, 308, 1157691840828;
581, 316, 1157691840843;
590, 323, 1157691840859;
597, 328, 1157691840875;
602, 331, 1157691840890;
603, 332, 1157691840906;
604, 332, 1157691840922;
605, 332, 1157691840937;
605, 330, 1157691840968;
605, 325, 1157691840984;
605, 315, 1157691841000;
605, 306, 1157691841015;
605, 295, 1157691841015;
606, 285, 1157691841031;
607, 276, 1157691841047;
608, 269, 1157691841062;
609, 263, 1157691841078;
609, 258, 1157691841093;
610, 255, 1157691841109;
610, 253, 1157691841109;
610, 252, 1157691841125;
606, 256, 1157691841203;
600, 266, 1157691841218;
587, 282, 1157691841218;
567, 305, 1157691841234;
551, 327, 1157691841250;
539, 344, 1157691841265;
524, 361, 1157691841281;
515, 373, 1157691841297;
506, 380, 1157691841297;
506, 380, 1157691841297;
