425, 314, 1157145372765;
426, 317, 1157145372875;
430, 321, 1157145372875;
435, 329, 1157145372890;
443, 338, 1157145372906;
449, 348, 1157145372922;
457, 359, 1157145372937;
464, 370, 1157145372953;
471, 379, 1157145372953;
476, 386, 1157145372968;
479, 390, 1157145372984;
481, 390, 1157145373000;
481, 387, 1157145373031;
481, 384, 1157145373047;
482, 372, 1157145373062;
483, 363, 1157145373062;
485, 352, 1157145373078;
486, 343, 1157145373093;
487, 334, 1157145373109;
487, 331, 1157145373125;
487, 330, 1157145373140;
487, 329, 1157145373156;
486, 328, 1157145373172;
485, 327, 1157145373187;
484, 325, 1157145373203;
482, 323, 1157145373218;
482, 321, 1157145373234;
480, 318, 1157145373250;
479, 317, 1157145373250;
478, 317, 1157145373281;
476, 318, 1157145373312;
473, 321, 1157145373328;
467, 327, 1157145373343;
457, 336, 1157145373343;
448, 346, 1157145373359;
440, 355, 1157145373375;
436, 362, 1157145373390;
432, 368, 1157145373406;
429, 372, 1157145373422;
427, 375, 1157145373437;
424, 379, 1157145373437;
422, 381, 1157145373453;
421, 382, 1157145373468;
421, 383, 1157145373484;
421, 383, 1157145373484;
