457, 299, 1157145382406;
459, 305, 1157145382531;
461, 311, 1157145382547;
463, 318, 1157145382562;
465, 326, 1157145382578;
467, 333, 1157145382593;
469, 340, 1157145382593;
471, 345, 1157145382609;
473, 349, 1157145382625;
474, 352, 1157145382640;
474, 355, 1157145382656;
476, 357, 1157145382672;
476, 358, 1157145382687;
477, 358, 1157145382703;
477, 356, 1157145382797;
477, 355, 1157145382812;
477, 351, 1157145382828;
480, 344, 1157145382843;
484, 334, 1157145382859;
488, 323, 1157145382875;
491, 313, 1157145382875;
494, 309, 1157145382890;
495, 307, 1157145382906;
495, 306, 1157145382922;
496, 305, 1157145382937;
496, 304, 1157145382953;
496, 303, 1157145382968;
494, 303, 1157145383078;
493, 303, 1157145383109;
489, 304, 1157145383125;
483, 309, 1157145383140;
476, 317, 1157145383156;
469, 325, 1157145383156;
460, 335, 1157145383172;
450, 343, 1157145383187;
444, 349, 1157145383203;
442, 351, 1157145383218;
440, 352, 1157145383234;
438, 352, 1157145383250;
438, 352, 1157145383265;
