382, 304, 1157145390718;
383, 305, 1157145390781;
384, 306, 1157145390797;
386, 308, 1157145390812;
388, 311, 1157145390828;
391, 315, 1157145390828;
395, 322, 1157145390843;
400, 329, 1157145390859;
404, 335, 1157145390875;
408, 340, 1157145390890;
410, 342, 1157145390906;
411, 343, 1157145390922;
412, 343, 1157145390922;
413, 341, 1157145390953;
415, 338, 1157145390968;
418, 333, 1157145390984;
421, 329, 1157145391000;
424, 320, 1157145391015;
426, 312, 1157145391015;
428, 304, 1157145391031;
429, 299, 1157145391047;
429, 297, 1157145391062;
429, 296, 1157145391078;
427, 296, 1157145391109;
426, 296, 1157145391109;
424, 296, 1157145391125;
422, 296, 1157145391140;
419, 296, 1157145391156;
417, 299, 1157145391172;
414, 302, 1157145391187;
410, 307, 1157145391203;
406, 312, 1157145391218;
401, 318, 1157145391218;
396, 325, 1157145391234;
390, 331, 1157145391250;
388, 335, 1157145391265;
386, 336, 1157145391281;
386, 337, 1157145391297;
386, 338, 1157145391375;
386, 338, 1157145391375;
