380, 322, 1157145396797;
379, 321, 1157145396812;
379, 320, 1157145396828;
380, 321, 1157145396890;
382, 324, 1157145396890;
384, 328, 1157145396906;
387, 334, 1157145396922;
391, 340, 1157145396937;
393, 349, 1157145396953;
396, 358, 1157145396968;
399, 366, 1157145396984;
402, 371, 1157145397000;
404, 377, 1157145397000;
406, 380, 1157145397015;
408, 384, 1157145397031;
410, 385, 1157145397047;
410, 386, 1157145397062;
411, 386, 1157145397078;
412, 384, 1157145397093;
412, 383, 1157145397109;
412, 380, 1157145397125;
412, 375, 1157145397140;
412, 368, 1157145397156;
415, 358, 1157145397172;
416, 349, 1157145397187;
417, 342, 1157145397187;
417, 339, 1157145397203;
417, 338, 1157145397218;
417, 336, 1157145397234;
417, 334, 1157145397250;
417, 331, 1157145397265;
416, 328, 1157145397265;
415, 325, 1157145397281;
414, 323, 1157145397297;
413, 321, 1157145397312;
411, 318, 1157145397328;
410, 317, 1157145397359;
409, 318, 1157145397375;
408, 320, 1157145397390;
405, 324, 1157145397406;
401, 329, 1157145397422;
395, 335, 1157145397437;
390, 340, 1157145397453;
384, 345, 1157145397468;
380, 351, 1157145397468;
375, 356, 1157145397484;
371, 361, 1157145397500;
367, 365, 1157145397515;
364, 368, 1157145397531;
361, 372, 1157145397547;
359, 374, 1157145397562;
358, 375, 1157145397562;
358, 375, 1157145397609;
