384, 245, 1157145403312;
385, 245, 1157145403328;
385, 246, 1157145403343;
387, 248, 1157145403359;
389, 251, 1157145403375;
391, 255, 1157145403390;
395, 261, 1157145403390;
399, 265, 1157145403406;
403, 273, 1157145403422;
409, 281, 1157145403437;
415, 290, 1157145403453;
420, 297, 1157145403468;
425, 301, 1157145403484;
427, 303, 1157145403484;
428, 303, 1157145403500;
429, 303, 1157145403515;
429, 301, 1157145403547;
429, 299, 1157145403562;
429, 297, 1157145403578;
429, 294, 1157145403593;
429, 284, 1157145403593;
429, 273, 1157145403609;
430, 261, 1157145403625;
432, 253, 1157145403640;
432, 250, 1157145403656;
432, 248, 1157145403672;
432, 247, 1157145403687;
431, 246, 1157145403734;
430, 246, 1157145403750;
430, 245, 1157145403765;
429, 244, 1157145403781;
428, 244, 1157145403828;
428, 245, 1157145403843;
426, 246, 1157145403859;
424, 249, 1157145403859;
420, 255, 1157145403875;
414, 263, 1157145403890;
410, 270, 1157145403906;
406, 276, 1157145403922;
402, 282, 1157145403937;
399, 288, 1157145403953;
397, 291, 1157145403968;
396, 293, 1157145403968;
393, 296, 1157145403984;
392, 301, 1157145404000;
390, 302, 1157145404015;
390, 303, 1157145404031;
390, 303, 1157145404156;
