384, 266, 1157145411062;
384, 267, 1157145411109;
385, 269, 1157145411140;
386, 271, 1157145411156;
388, 273, 1157145411156;
390, 277, 1157145411172;
393, 283, 1157145411187;
398, 291, 1157145411203;
403, 298, 1157145411218;
406, 305, 1157145411234;
409, 311, 1157145411250;
411, 314, 1157145411250;
413, 316, 1157145411265;
414, 316, 1157145411281;
415, 316, 1157145411297;
416, 316, 1157145411328;
418, 315, 1157145411343;
419, 313, 1157145411359;
421, 309, 1157145411375;
423, 305, 1157145411390;
424, 300, 1157145411406;
425, 295, 1157145411422;
426, 290, 1157145411437;
427, 285, 1157145411437;
428, 279, 1157145411453;
428, 275, 1157145411468;
428, 274, 1157145411484;
428, 273, 1157145411500;
426, 273, 1157145411531;
422, 273, 1157145411547;
417, 275, 1157145411562;
413, 278, 1157145411578;
411, 281, 1157145411593;
407, 286, 1157145411609;
402, 290, 1157145411625;
398, 295, 1157145411625;
395, 298, 1157145411640;
391, 302, 1157145411656;
387, 307, 1157145411672;
384, 309, 1157145411687;
382, 311, 1157145411703;
382, 312, 1157145411718;
381, 312, 1157145411734;
381, 312, 1157145411828;
