359, 260, 1157145416703;
359, 262, 1157145416859;
359, 266, 1157145416875;
362, 272, 1157145416890;
365, 279, 1157145416906;
370, 288, 1157145416922;
373, 295, 1157145416922;
377, 302, 1157145416937;
380, 307, 1157145416953;
381, 309, 1157145416968;
382, 310, 1157145416984;
383, 309, 1157145417015;
383, 308, 1157145417031;
384, 306, 1157145417047;
386, 304, 1157145417062;
390, 300, 1157145417078;
392, 297, 1157145417093;
395, 293, 1157145417109;
397, 290, 1157145417109;
399, 284, 1157145417125;
400, 279, 1157145417140;
403, 270, 1157145417156;
404, 262, 1157145417172;
404, 258, 1157145417187;
404, 257, 1157145417203;
404, 256, 1157145417203;
403, 255, 1157145417234;
402, 255, 1157145417250;
399, 256, 1157145417265;
394, 259, 1157145417281;
388, 264, 1157145417297;
383, 269, 1157145417297;
378, 275, 1157145417312;
374, 282, 1157145417328;
370, 288, 1157145417343;
367, 292, 1157145417359;
366, 294, 1157145417375;
365, 295, 1157145417390;
363, 298, 1157145417390;
361, 301, 1157145417406;
360, 302, 1157145417437;
359, 302, 1157145417500;
359, 302, 1157145417562;
