393, 279, 1157145188422;
393, 280, 1157145188578;
393, 283, 1157145188578;
393, 286, 1157145188593;
393, 291, 1157145188609;
392, 298, 1157145188625;
390, 306, 1157145188640;
389, 314, 1157145188656;
388, 322, 1157145188672;
388, 330, 1157145188672;
388, 338, 1157145188687;
389, 344, 1157145188703;
391, 347, 1157145188718;
393, 350, 1157145188734;
396, 350, 1157145188750;
398, 350, 1157145188765;
401, 350, 1157145188765;
403, 348, 1157145188781;
406, 346, 1157145188797;
411, 343, 1157145188812;
416, 338, 1157145188828;
422, 333, 1157145188843;
426, 328, 1157145188859;
429, 321, 1157145188859;
431, 316, 1157145188875;
431, 313, 1157145188890;
431, 312, 1157145188906;
431, 311, 1157145188922;
431, 310, 1157145188937;
431, 309, 1157145188953;
430, 309, 1157145188953;
430, 308, 1157145188984;
429, 308, 1157145189000;
429, 309, 1157145189093;
429, 310, 1157145189109;
429, 313, 1157145189125;
429, 316, 1157145189140;
429, 319, 1157145189156;
429, 322, 1157145189156;
429, 326, 1157145189172;
429, 329, 1157145189187;
429, 331, 1157145189203;
430, 333, 1157145189218;
431, 335, 1157145189234;
432, 336, 1157145189250;
433, 337, 1157145189250;
434, 337, 1157145189265;
435, 337, 1157145189281;
437, 337, 1157145189297;
441, 334, 1157145189312;
447, 329, 1157145189328;
450, 325, 1157145189328;
454, 319, 1157145189343;
457, 313, 1157145189359;
460, 305, 1157145189375;
463, 297, 1157145189390;
464, 291, 1157145189406;
464, 288, 1157145189422;
464, 286, 1157145189437;
464, 282, 1157145189437;
464, 278, 1157145189453;
464, 272, 1157145189468;
464, 270, 1157145189484;
464, 269, 1157145189500;
463, 268, 1157145189531;
462, 268, 1157145189547;
462, 268, 1157145189609;
