386, 280, 1157145290640;
386, 281, 1157145290765;
386, 284, 1157145290781;
386, 287, 1157145290797;
386, 291, 1157145290812;
386, 296, 1157145290828;
385, 301, 1157145290828;
385, 305, 1157145290843;
385, 309, 1157145290859;
385, 313, 1157145290875;
385, 316, 1157145290890;
385, 320, 1157145290906;
387, 321, 1157145290922;
387, 322, 1157145290937;
389, 322, 1157145290937;
390, 322, 1157145290953;
391, 322, 1157145290968;
393, 320, 1157145290984;
395, 317, 1157145291000;
398, 312, 1157145291015;
400, 308, 1157145291031;
401, 305, 1157145291031;
401, 304, 1157145291047;
401, 303, 1157145291062;
401, 304, 1157145291203;
401, 305, 1157145291234;
401, 306, 1157145291250;
401, 307, 1157145291265;
402, 310, 1157145291281;
403, 312, 1157145291297;
403, 314, 1157145291297;
405, 316, 1157145291312;
406, 318, 1157145291328;
407, 319, 1157145291343;
408, 320, 1157145291359;
409, 320, 1157145291375;
410, 320, 1157145291390;
412, 318, 1157145291406;
414, 316, 1157145291406;
417, 312, 1157145291422;
419, 308, 1157145291437;
422, 299, 1157145291453;
424, 292, 1157145291468;
425, 289, 1157145291484;
425, 288, 1157145291500;
425, 287, 1157145291500;
425, 286, 1157145291515;
423, 285, 1157145291531;
423, 284, 1157145291547;
422, 284, 1157145291562;
422, 283, 1157145291578;
421, 283, 1157145291593;
421, 282, 1157145291593;
421, 282, 1157145291625;
