382, 273, 1157145298187;
382, 274, 1157145298234;
382, 276, 1157145298250;
382, 277, 1157145298265;
382, 278, 1157145298265;
382, 281, 1157145298281;
382, 285, 1157145298297;
382, 291, 1157145298312;
383, 297, 1157145298328;
385, 302, 1157145298343;
388, 308, 1157145298343;
390, 313, 1157145298359;
392, 316, 1157145298375;
394, 318, 1157145298390;
395, 320, 1157145298406;
399, 321, 1157145298422;
401, 321, 1157145298437;
405, 321, 1157145298453;
407, 319, 1157145298453;
410, 317, 1157145298468;
412, 316, 1157145298484;
415, 314, 1157145298500;
415, 312, 1157145298515;
415, 311, 1157145298531;
415, 310, 1157145298625;
415, 311, 1157145298734;
416, 313, 1157145298765;
417, 314, 1157145298781;
419, 315, 1157145298797;
420, 317, 1157145298812;
422, 318, 1157145298828;
424, 318, 1157145298828;
426, 318, 1157145298843;
429, 318, 1157145298859;
432, 317, 1157145298875;
435, 314, 1157145298890;
437, 313, 1157145298906;
438, 311, 1157145298922;
439, 309, 1157145298922;
440, 308, 1157145298937;
440, 305, 1157145298953;
440, 301, 1157145298968;
440, 297, 1157145298984;
440, 292, 1157145299000;
440, 288, 1157145299015;
440, 283, 1157145299015;
440, 281, 1157145299031;
440, 280, 1157145299047;
439, 280, 1157145299062;
439, 280, 1157145299140;
