390, 315, 1157145303672;
392, 320, 1157145303765;
393, 323, 1157145303781;
394, 328, 1157145303797;
394, 333, 1157145303812;
394, 340, 1157145303828;
394, 345, 1157145303843;
394, 350, 1157145303859;
394, 353, 1157145303859;
395, 354, 1157145303875;
396, 355, 1157145303890;
396, 357, 1157145303906;
399, 358, 1157145303922;
399, 360, 1157145303937;
401, 360, 1157145303953;
403, 360, 1157145303968;
404, 360, 1157145303968;
406, 360, 1157145303984;
408, 358, 1157145304000;
409, 356, 1157145304031;
409, 355, 1157145304062;
409, 354, 1157145304062;
409, 353, 1157145304078;
409, 351, 1157145304093;
409, 350, 1157145304109;
409, 349, 1157145304125;
409, 347, 1157145304140;
409, 346, 1157145304156;
409, 347, 1157145304312;
410, 349, 1157145304328;
410, 350, 1157145304343;
410, 352, 1157145304343;
411, 354, 1157145304359;
412, 356, 1157145304375;
412, 357, 1157145304390;
413, 358, 1157145304406;
414, 358, 1157145304437;
415, 358, 1157145304468;
416, 358, 1157145304484;
417, 358, 1157145304500;
419, 356, 1157145304515;
421, 355, 1157145304531;
423, 353, 1157145304531;
425, 351, 1157145304547;
427, 347, 1157145304562;
429, 344, 1157145304578;
430, 341, 1157145304593;
432, 334, 1157145304609;
433, 327, 1157145304625;
433, 323, 1157145304625;
433, 320, 1157145304640;
433, 318, 1157145304656;
433, 317, 1157145304672;
432, 316, 1157145304703;
432, 316, 1157145304781;
