370, 250, 1157145312609;
370, 252, 1157145312750;
370, 255, 1157145312765;
370, 259, 1157145312781;
370, 264, 1157145312797;
370, 271, 1157145312812;
370, 276, 1157145312828;
371, 282, 1157145312828;
372, 286, 1157145312843;
373, 291, 1157145312859;
374, 295, 1157145312875;
376, 298, 1157145312890;
377, 300, 1157145312906;
379, 300, 1157145312922;
381, 300, 1157145312922;
382, 300, 1157145312937;
384, 298, 1157145312953;
386, 297, 1157145312968;
388, 294, 1157145312984;
388, 292, 1157145313015;
389, 289, 1157145313015;
391, 286, 1157145313031;
392, 283, 1157145313047;
393, 282, 1157145313062;
394, 283, 1157145313203;
395, 285, 1157145313218;
395, 286, 1157145313234;
395, 287, 1157145313250;
396, 289, 1157145313265;
397, 291, 1157145313281;
399, 293, 1157145313297;
401, 295, 1157145313297;
403, 296, 1157145313312;
406, 297, 1157145313328;
408, 297, 1157145313343;
410, 297, 1157145313359;
412, 295, 1157145313375;
414, 293, 1157145313390;
415, 291, 1157145313406;
416, 287, 1157145313406;
418, 283, 1157145313422;
419, 279, 1157145313437;
419, 276, 1157145313453;
419, 273, 1157145313468;
419, 271, 1157145313484;
419, 269, 1157145313500;
419, 268, 1157145313500;
419, 266, 1157145313515;
418, 264, 1157145313531;
418, 262, 1157145313547;
418, 260, 1157145313562;
417, 258, 1157145313578;
416, 256, 1157145313593;
416, 255, 1157145313593;
415, 255, 1157145313609;
415, 253, 1157145313625;
414, 253, 1157145313640;
414, 253, 1157145313656;
