358, 334, 1157145318328;
358, 343, 1157145318468;
358, 348, 1157145318468;
358, 352, 1157145318484;
358, 356, 1157145318500;
358, 362, 1157145318515;
358, 367, 1157145318531;
358, 373, 1157145318547;
359, 377, 1157145318547;
361, 382, 1157145318562;
364, 385, 1157145318578;
365, 387, 1157145318593;
367, 387, 1157145318609;
369, 387, 1157145318625;
372, 387, 1157145318640;
373, 387, 1157145318656;
373, 386, 1157145318656;
374, 385, 1157145318672;
375, 382, 1157145318687;
376, 379, 1157145318703;
376, 375, 1157145318718;
376, 374, 1157145318734;
376, 373, 1157145318750;
377, 373, 1157145318875;
377, 374, 1157145318890;
378, 375, 1157145318906;
379, 376, 1157145318922;
381, 378, 1157145318937;
382, 379, 1157145318937;
384, 381, 1157145318953;
387, 381, 1157145318968;
389, 383, 1157145318984;
391, 383, 1157145319000;
392, 383, 1157145319015;
394, 383, 1157145319031;
397, 382, 1157145319031;
400, 380, 1157145319047;
402, 378, 1157145319062;
406, 374, 1157145319078;
408, 371, 1157145319093;
410, 367, 1157145319109;
412, 363, 1157145319125;
412, 361, 1157145319125;
412, 359, 1157145319140;
412, 356, 1157145319156;
412, 354, 1157145319172;
412, 351, 1157145319187;
411, 349, 1157145319203;
409, 347, 1157145319218;
409, 346, 1157145319234;
408, 345, 1157145319234;
407, 344, 1157145319250;
407, 344, 1157145319312;
