360, 276, 1157145324484;
360, 277, 1157145324500;
361, 278, 1157145324515;
362, 280, 1157145324531;
362, 282, 1157145324547;
363, 285, 1157145324562;
363, 289, 1157145324562;
363, 292, 1157145324578;
364, 298, 1157145324593;
365, 305, 1157145324609;
366, 312, 1157145324625;
368, 316, 1157145324640;
369, 319, 1157145324656;
370, 323, 1157145324656;
373, 324, 1157145324672;
376, 326, 1157145324687;
379, 326, 1157145324703;
383, 326, 1157145324718;
389, 324, 1157145324734;
392, 321, 1157145324750;
397, 316, 1157145324750;
400, 313, 1157145324765;
401, 311, 1157145324781;
402, 310, 1157145324797;
402, 309, 1157145324828;
401, 309, 1157145324890;
401, 310, 1157145324937;
401, 311, 1157145324953;
401, 312, 1157145324968;
401, 314, 1157145324984;
403, 317, 1157145325000;
405, 320, 1157145325015;
408, 322, 1157145325031;
409, 324, 1157145325031;
411, 326, 1157145325047;
414, 327, 1157145325062;
417, 327, 1157145325078;
422, 324, 1157145325093;
427, 319, 1157145325109;
432, 310, 1157145325125;
435, 302, 1157145325125;
437, 295, 1157145325140;
437, 290, 1157145325156;
437, 287, 1157145325172;
437, 286, 1157145325187;
437, 285, 1157145325218;
437, 284, 1157145325234;
436, 283, 1157145325265;
436, 282, 1157145325312;
436, 282, 1157145325312;
