364, 290, 1157145330906;
363, 292, 1157145331015;
363, 295, 1157145331031;
363, 299, 1157145331047;
363, 303, 1157145331047;
363, 307, 1157145331062;
363, 313, 1157145331078;
363, 318, 1157145331093;
363, 324, 1157145331109;
363, 327, 1157145331125;
363, 330, 1157145331140;
363, 333, 1157145331156;
363, 336, 1157145331156;
363, 339, 1157145331172;
364, 341, 1157145331187;
365, 343, 1157145331203;
367, 344, 1157145331218;
368, 344, 1157145331234;
370, 344, 1157145331250;
372, 344, 1157145331250;
373, 343, 1157145331265;
374, 341, 1157145331281;
375, 340, 1157145331297;
377, 337, 1157145331312;
377, 335, 1157145331328;
377, 334, 1157145331328;
377, 333, 1157145331359;
377, 334, 1157145331468;
377, 335, 1157145331484;
378, 336, 1157145331500;
379, 339, 1157145331515;
381, 342, 1157145331531;
383, 345, 1157145331531;
386, 349, 1157145331547;
391, 350, 1157145331562;
394, 351, 1157145331578;
397, 351, 1157145331593;
400, 351, 1157145331609;
401, 351, 1157145331609;
402, 350, 1157145331625;
404, 348, 1157145331640;
405, 345, 1157145331656;
406, 343, 1157145331672;
407, 340, 1157145331687;
408, 337, 1157145331703;
408, 334, 1157145331718;
408, 329, 1157145331718;
408, 323, 1157145331734;
408, 319, 1157145331750;
408, 317, 1157145331765;
406, 315, 1157145331797;
406, 314, 1157145331812;
405, 312, 1157145331812;
404, 310, 1157145331828;
404, 310, 1157145331859;
