364, 281, 1157145340078;
364, 283, 1157145340187;
364, 287, 1157145340203;
364, 292, 1157145340218;
364, 296, 1157145340218;
364, 300, 1157145340234;
364, 304, 1157145340250;
364, 309, 1157145340265;
365, 313, 1157145340281;
367, 316, 1157145340297;
369, 319, 1157145340312;
372, 321, 1157145340312;
374, 322, 1157145340328;
376, 322, 1157145340359;
378, 320, 1157145340375;
381, 319, 1157145340390;
382, 318, 1157145340406;
383, 316, 1157145340406;
383, 314, 1157145340437;
384, 312, 1157145340453;
385, 310, 1157145340468;
385, 309, 1157145340500;
385, 310, 1157145340578;
385, 312, 1157145340593;
386, 312, 1157145340609;
386, 313, 1157145340625;
388, 315, 1157145340640;
388, 316, 1157145340656;
390, 318, 1157145340672;
391, 319, 1157145340687;
393, 320, 1157145340687;
395, 320, 1157145340703;
399, 320, 1157145340718;
404, 320, 1157145340734;
407, 319, 1157145340750;
409, 316, 1157145340765;
411, 314, 1157145340781;
413, 312, 1157145340781;
413, 309, 1157145340797;
413, 306, 1157145340812;
413, 302, 1157145340828;
413, 299, 1157145340843;
413, 295, 1157145340859;
413, 292, 1157145340875;
413, 290, 1157145340875;
413, 289, 1157145340890;
413, 288, 1157145340922;
412, 288, 1157145340953;
412, 288, 1157145340984;
