497, 281, 1157691775687;
497, 282, 1157691775718;
497, 283, 1157691775734;
498, 285, 1157691775750;
498, 286, 1157691775765;
499, 289, 1157691775781;
499, 292, 1157691775797;
499, 296, 1157691775812;
499, 299, 1157691775828;
499, 305, 1157691775828;
499, 311, 1157691775843;
499, 318, 1157691775859;
500, 324, 1157691775875;
501, 328, 1157691775890;
504, 333, 1157691775906;
506, 335, 1157691775922;
510, 338, 1157691775937;
514, 339, 1157691775937;
517, 339, 1157691775953;
520, 339, 1157691775968;
523, 339, 1157691775984;
525, 337, 1157691776000;
526, 334, 1157691776015;
528, 331, 1157691776031;
529, 326, 1157691776031;
530, 321, 1157691776047;
530, 316, 1157691776062;
530, 311, 1157691776078;
530, 307, 1157691776093;
530, 303, 1157691776109;
530, 298, 1157691776125;
530, 295, 1157691776125;
530, 293, 1157691776140;
530, 292, 1157691776156;
530, 291, 1157691776172;
530, 289, 1157691776187;
530, 288, 1157691776218;
530, 289, 1157691776297;
530, 291, 1157691776312;
530, 293, 1157691776328;
530, 296, 1157691776343;
530, 299, 1157691776359;
530, 302, 1157691776375;
530, 305, 1157691776390;
530, 308, 1157691776406;
530, 309, 1157691776406;
530, 311, 1157691776422;
530, 313, 1157691776437;
530, 314, 1157691776453;
531, 316, 1157691776468;
532, 317, 1157691776484;
533, 318, 1157691776500;
535, 319, 1157691776515;
535, 320, 1157691776531;
536, 321, 1157691776547;
537, 322, 1157691776562;
537, 323, 1157691776578;
538, 323, 1157691776593;
538, 324, 1157691776593;
539, 324, 1157691776609;
540, 324, 1157691776640;
541, 324, 1157691776656;
541, 325, 1157691776672;
542, 325, 1157691776687;
543, 325, 1157691776703;
544, 325, 1157691776734;
545, 324, 1157691776750;
545, 323, 1157691776765;
545, 322, 1157691776781;
545, 320, 1157691776797;
547, 318, 1157691776797;
547, 316, 1157691776812;
547, 313, 1157691776828;
547, 310, 1157691776843;
547, 307, 1157691776859;
547, 304, 1157691776875;
547, 302, 1157691776890;
547, 299, 1157691776890;
547, 297, 1157691776906;
547, 296, 1157691776922;
547, 295, 1157691776937;
546, 294, 1157691776968;
546, 293, 1157691776984;
545, 293, 1157691776984;
545, 292, 1157691777000;
544, 292, 1157691777015;
544, 291, 1157691777031;
545, 291, 1157691777187;
546, 292, 1157691777203;
549, 293, 1157691777218;
552, 295, 1157691777234;
557, 298, 1157691777250;
561, 298, 1157691777265;
564, 298, 1157691777265;
567, 298, 1157691777281;
570, 296, 1157691777297;
575, 293, 1157691777312;
579, 287, 1157691777328;
583, 280, 1157691777343;
586, 273, 1157691777359;
586, 273, 1157691777359;
