490, 289, 1157691790281;
490, 290, 1157691790328;
490, 292, 1157691790328;
490, 297, 1157691790343;
490, 302, 1157691790359;
490, 309, 1157691790375;
490, 318, 1157691790390;
491, 328, 1157691790406;
492, 340, 1157691790422;
494, 353, 1157691790422;
497, 364, 1157691790437;
504, 374, 1157691790453;
510, 379, 1157691790468;
515, 382, 1157691790484;
519, 383, 1157691790500;
522, 383, 1157691790515;
525, 378, 1157691790515;
530, 370, 1157691790531;
534, 360, 1157691790547;
538, 351, 1157691790562;
539, 346, 1157691790578;
541, 339, 1157691790593;
541, 335, 1157691790609;
541, 332, 1157691790609;
541, 329, 1157691790625;
541, 326, 1157691790640;
540, 324, 1157691790656;
539, 324, 1157691790672;
539, 323, 1157691790687;
539, 324, 1157691790750;
539, 326, 1157691790781;
539, 328, 1157691790797;
541, 332, 1157691790797;
544, 337, 1157691790812;
548, 344, 1157691790828;
552, 348, 1157691790843;
557, 354, 1157691790859;
562, 358, 1157691790875;
566, 361, 1157691790890;
573, 361, 1157691790906;
583, 356, 1157691790906;
590, 351, 1157691790922;
597, 340, 1157691790937;
601, 327, 1157691790953;
605, 312, 1157691790968;
606, 300, 1157691790984;
606, 289, 1157691791000;
606, 283, 1157691791000;
603, 277, 1157691791015;
601, 273, 1157691791031;
596, 271, 1157691791047;
596, 271, 1157691791047;
