387, 282, 1157145203484;
387, 283, 1157145203500;
388, 285, 1157145203515;
388, 289, 1157145203531;
388, 294, 1157145203547;
389, 301, 1157145203562;
390, 309, 1157145203562;
393, 318, 1157145203578;
395, 326, 1157145203593;
397, 334, 1157145203609;
399, 341, 1157145203625;
402, 347, 1157145203640;
403, 349, 1157145203656;
404, 350, 1157145203672;
407, 350, 1157145203672;
409, 350, 1157145203687;
410, 347, 1157145203703;
413, 345, 1157145203718;
415, 341, 1157145203734;
418, 337, 1157145203750;
422, 332, 1157145203765;
423, 329, 1157145203765;
424, 327, 1157145203781;
425, 326, 1157145203797;
425, 325, 1157145203812;
425, 324, 1157145203828;
425, 323, 1157145203843;
425, 322, 1157145203859;
425, 321, 1157145203859;
425, 322, 1157145203937;
425, 323, 1157145203968;
425, 326, 1157145203984;
425, 329, 1157145204000;
427, 332, 1157145204015;
430, 335, 1157145204031;
432, 339, 1157145204047;
435, 342, 1157145204047;
437, 345, 1157145204062;
442, 348, 1157145204078;
446, 349, 1157145204093;
452, 349, 1157145204109;
458, 346, 1157145204125;
464, 342, 1157145204140;
469, 337, 1157145204140;
471, 331, 1157145204156;
475, 324, 1157145204172;
477, 317, 1157145204187;
478, 310, 1157145204203;
478, 304, 1157145204218;
478, 299, 1157145204234;
478, 295, 1157145204234;
478, 289, 1157145204250;
477, 285, 1157145204265;
476, 284, 1157145204281;
475, 282, 1157145204297;
475, 282, 1157145204390;
