484, 316, 1157691798875;
484, 319, 1157691798953;
484, 323, 1157691798968;
484, 330, 1157691798984;
484, 339, 1157691799000;
484, 347, 1157691799000;
484, 358, 1157691799015;
485, 367, 1157691799031;
488, 376, 1157691799047;
490, 383, 1157691799062;
492, 386, 1157691799078;
494, 389, 1157691799093;
495, 390, 1157691799093;
496, 390, 1157691799109;
497, 390, 1157691799125;
499, 387, 1157691799140;
502, 383, 1157691799156;
506, 378, 1157691799172;
510, 372, 1157691799187;
513, 365, 1157691799187;
516, 357, 1157691799203;
518, 353, 1157691799218;
519, 349, 1157691799234;
519, 346, 1157691799250;
519, 343, 1157691799265;
519, 342, 1157691799281;
519, 341, 1157691799297;
519, 340, 1157691799312;
519, 341, 1157691799390;
519, 342, 1157691799406;
519, 343, 1157691799422;
519, 346, 1157691799437;
519, 349, 1157691799453;
520, 353, 1157691799468;
521, 357, 1157691799468;
523, 363, 1157691799484;
525, 369, 1157691799500;
527, 375, 1157691799515;
530, 379, 1157691799531;
532, 382, 1157691799547;
536, 382, 1157691799562;
543, 382, 1157691799562;
548, 382, 1157691799578;
553, 380, 1157691799593;
554, 378, 1157691799609;
556, 372, 1157691799625;
557, 365, 1157691799640;
557, 358, 1157691799656;
557, 353, 1157691799656;
557, 347, 1157691799672;
557, 343, 1157691799687;
557, 340, 1157691799703;
557, 338, 1157691799718;
556, 336, 1157691799734;
555, 335, 1157691799750;
555, 335, 1157691799750;
