387, 303, 1157145209703;
388, 304, 1157145209750;
388, 307, 1157145209765;
388, 311, 1157145209781;
388, 317, 1157145209797;
388, 324, 1157145209812;
388, 329, 1157145209828;
388, 336, 1157145209843;
388, 343, 1157145209843;
388, 348, 1157145209859;
388, 354, 1157145209875;
390, 357, 1157145209890;
392, 360, 1157145209906;
395, 360, 1157145209922;
400, 360, 1157145209937;
406, 360, 1157145209937;
412, 357, 1157145209953;
417, 352, 1157145209968;
421, 347, 1157145209984;
423, 342, 1157145210000;
424, 337, 1157145210015;
425, 334, 1157145210031;
425, 331, 1157145210031;
425, 330, 1157145210047;
425, 329, 1157145210062;
425, 330, 1157145210140;
425, 331, 1157145210140;
425, 333, 1157145210156;
425, 336, 1157145210172;
426, 340, 1157145210187;
428, 345, 1157145210203;
430, 351, 1157145210218;
433, 355, 1157145210234;
437, 360, 1157145210234;
440, 362, 1157145210250;
443, 363, 1157145210265;
445, 363, 1157145210281;
446, 363, 1157145210297;
448, 359, 1157145210312;
451, 353, 1157145210328;
453, 346, 1157145210328;
455, 337, 1157145210343;
457, 326, 1157145210359;
458, 315, 1157145210375;
458, 307, 1157145210390;
458, 303, 1157145210406;
458, 301, 1157145210406;
457, 300, 1157145210437;
456, 300, 1157145210453;
456, 300, 1157145210500;
