390, 304, 1157145252468;
390, 307, 1157145252593;
390, 313, 1157145252609;
390, 318, 1157145252609;
390, 325, 1157145252625;
391, 332, 1157145252640;
393, 338, 1157145252656;
397, 343, 1157145252672;
401, 346, 1157145252687;
406, 349, 1157145252703;
410, 350, 1157145252703;
414, 350, 1157145252718;
417, 350, 1157145252734;
419, 350, 1157145252750;
421, 348, 1157145252765;
422, 347, 1157145252781;
423, 344, 1157145252797;
424, 343, 1157145252797;
424, 342, 1157145252812;
424, 341, 1157145252828;
424, 342, 1157145252922;
424, 343, 1157145252937;
424, 344, 1157145252953;
426, 346, 1157145252968;
427, 347, 1157145252984;
429, 349, 1157145252984;
432, 350, 1157145253000;
436, 352, 1157145253015;
440, 352, 1157145253031;
443, 352, 1157145253047;
445, 350, 1157145253062;
447, 349, 1157145253078;
448, 346, 1157145253078;
450, 342, 1157145253093;
450, 340, 1157145253109;
451, 337, 1157145253125;
451, 335, 1157145253140;
451, 331, 1157145253156;
451, 328, 1157145253172;
451, 325, 1157145253187;
451, 323, 1157145253187;
451, 321, 1157145253203;
450, 320, 1157145253234;
449, 320, 1157145253250;
449, 319, 1157145253281;
448, 318, 1157145253281;
448, 318, 1157145253281;
