396, 297, 1157145258515;
396, 298, 1157145258531;
397, 300, 1157145258531;
397, 303, 1157145258547;
397, 309, 1157145258562;
397, 316, 1157145258578;
397, 325, 1157145258593;
397, 335, 1157145258609;
397, 341, 1157145258625;
397, 347, 1157145258640;
398, 350, 1157145258640;
401, 354, 1157145258656;
402, 355, 1157145258672;
405, 355, 1157145258687;
407, 355, 1157145258703;
409, 355, 1157145258718;
412, 353, 1157145258734;
413, 351, 1157145258734;
415, 348, 1157145258750;
416, 344, 1157145258765;
419, 338, 1157145258781;
421, 334, 1157145258797;
423, 332, 1157145258812;
423, 331, 1157145258828;
423, 330, 1157145258828;
423, 331, 1157145258906;
423, 333, 1157145258922;
423, 335, 1157145258922;
425, 338, 1157145258937;
429, 343, 1157145258953;
434, 349, 1157145258968;
439, 356, 1157145258984;
444, 360, 1157145259000;
447, 363, 1157145259015;
450, 363, 1157145259015;
452, 363, 1157145259031;
453, 363, 1157145259047;
453, 361, 1157145259062;
454, 358, 1157145259078;
455, 355, 1157145259093;
456, 348, 1157145259109;
456, 341, 1157145259109;
456, 332, 1157145259125;
456, 324, 1157145259140;
456, 317, 1157145259156;
456, 313, 1157145259172;
455, 312, 1157145259187;
454, 311, 1157145259203;
454, 310, 1157145259218;
454, 310, 1157145259234;
