389, 298, 1157145264797;
389, 297, 1157145264812;
390, 297, 1157145264828;
391, 298, 1157145264875;
391, 300, 1157145264890;
391, 304, 1157145264906;
392, 311, 1157145264906;
393, 319, 1157145264922;
394, 327, 1157145264937;
396, 335, 1157145264953;
398, 341, 1157145264968;
401, 347, 1157145264984;
403, 351, 1157145265000;
405, 354, 1157145265015;
408, 355, 1157145265015;
409, 356, 1157145265031;
412, 356, 1157145265047;
415, 356, 1157145265062;
418, 354, 1157145265078;
423, 348, 1157145265093;
429, 338, 1157145265109;
433, 328, 1157145265109;
435, 320, 1157145265125;
436, 317, 1157145265140;
437, 315, 1157145265156;
437, 316, 1157145265250;
438, 319, 1157145265265;
439, 322, 1157145265281;
440, 325, 1157145265297;
442, 329, 1157145265297;
445, 333, 1157145265312;
448, 336, 1157145265328;
453, 339, 1157145265343;
457, 340, 1157145265359;
461, 340, 1157145265375;
464, 340, 1157145265390;
466, 338, 1157145265406;
468, 332, 1157145265406;
470, 321, 1157145265422;
472, 309, 1157145265437;
473, 294, 1157145265453;
473, 284, 1157145265468;
473, 278, 1157145265484;
473, 276, 1157145265484;
473, 275, 1157145265500;
473, 275, 1157145265547;
