422, 297, 1157145270765;
422, 298, 1157145270843;
422, 300, 1157145270859;
422, 303, 1157145270875;
422, 306, 1157145270890;
421, 311, 1157145270906;
421, 316, 1157145270906;
421, 321, 1157145270937;
421, 324, 1157145270937;
421, 326, 1157145270953;
421, 328, 1157145270968;
421, 330, 1157145270984;
422, 331, 1157145271000;
424, 334, 1157145271015;
428, 335, 1157145271015;
430, 336, 1157145271031;
431, 336, 1157145271047;
433, 336, 1157145271062;
434, 336, 1157145271078;
436, 336, 1157145271093;
436, 335, 1157145271093;
438, 334, 1157145271109;
438, 333, 1157145271140;
438, 332, 1157145271312;
438, 331, 1157145271562;
438, 330, 1157145271578;
438, 329, 1157145271578;
438, 330, 1157145271703;
438, 331, 1157145271718;
438, 332, 1157145271734;
438, 333, 1157145271750;
438, 334, 1157145271765;
439, 335, 1157145271765;
440, 335, 1157145271797;
441, 335, 1157145271812;
443, 335, 1157145271828;
445, 335, 1157145271843;
446, 335, 1157145271859;
447, 335, 1157145271859;
448, 333, 1157145271875;
450, 331, 1157145271906;
450, 328, 1157145271922;
451, 325, 1157145271937;
451, 322, 1157145271953;
451, 321, 1157145271953;
451, 319, 1157145271968;
451, 318, 1157145271984;
451, 315, 1157145272000;
451, 312, 1157145272015;
451, 309, 1157145272031;
451, 307, 1157145272047;
451, 306, 1157145272047;
451, 306, 1157145272140;
