423, 259, 1157145277062;
423, 260, 1157145277093;
423, 262, 1157145277093;
423, 265, 1157145277109;
423, 269, 1157145277125;
423, 273, 1157145277140;
423, 278, 1157145277156;
423, 285, 1157145277172;
425, 292, 1157145277187;
427, 299, 1157145277187;
428, 304, 1157145277203;
430, 308, 1157145277218;
432, 310, 1157145277234;
433, 310, 1157145277250;
434, 310, 1157145277265;
436, 308, 1157145277281;
437, 307, 1157145277281;
438, 304, 1157145277297;
440, 300, 1157145277312;
441, 297, 1157145277328;
443, 294, 1157145277343;
443, 292, 1157145277359;
444, 290, 1157145277375;
444, 289, 1157145277406;
444, 290, 1157145277484;
445, 292, 1157145277500;
446, 294, 1157145277515;
449, 296, 1157145277531;
451, 300, 1157145277547;
453, 303, 1157145277562;
455, 305, 1157145277562;
457, 308, 1157145277578;
458, 308, 1157145277593;
460, 308, 1157145277609;
463, 308, 1157145277625;
466, 306, 1157145277640;
469, 304, 1157145277656;
473, 296, 1157145277656;
476, 288, 1157145277672;
479, 280, 1157145277687;
480, 274, 1157145277703;
480, 267, 1157145277718;
480, 262, 1157145277734;
480, 258, 1157145277750;
480, 255, 1157145277750;
479, 253, 1157145277765;
478, 252, 1157145277797;
477, 252, 1157145277812;
477, 252, 1157145277859;
