392, 270, 1157145284437;
392, 271, 1157145284515;
393, 272, 1157145284531;
393, 274, 1157145284531;
393, 276, 1157145284547;
394, 280, 1157145284562;
394, 284, 1157145284578;
394, 289, 1157145284593;
396, 293, 1157145284609;
397, 298, 1157145284625;
399, 300, 1157145284625;
400, 302, 1157145284640;
402, 304, 1157145284656;
403, 306, 1157145284672;
404, 307, 1157145284687;
406, 307, 1157145284703;
407, 307, 1157145284718;
408, 307, 1157145284718;
409, 306, 1157145284734;
409, 305, 1157145284750;
410, 302, 1157145284765;
411, 299, 1157145284781;
411, 297, 1157145284797;
411, 296, 1157145284812;
411, 295, 1157145284875;
411, 296, 1157145284984;
411, 297, 1157145285000;
411, 299, 1157145285015;
413, 300, 1157145285031;
413, 302, 1157145285047;
416, 303, 1157145285062;
417, 305, 1157145285078;
418, 306, 1157145285093;
420, 307, 1157145285109;
422, 307, 1157145285109;
423, 307, 1157145285125;
424, 307, 1157145285140;
426, 305, 1157145285172;
427, 303, 1157145285187;
431, 298, 1157145285203;
434, 292, 1157145285203;
434, 289, 1157145285218;
434, 284, 1157145285234;
434, 281, 1157145285250;
434, 275, 1157145285265;
433, 270, 1157145285281;
432, 268, 1157145285297;
432, 266, 1157145285297;
431, 266, 1157145285328;
431, 266, 1157145285406;
